0.015052383101299001
-0.01639578903984919
0.01998544762308292
0.02855067420489483
0.018406531098019166
0.015561433077760799
0.005006666587386665
0.0014611327129537767
-0.011774259628010326
0.004582219267275861
-0.007165492294399868
0.011802930720778404
0.018488518290967385
0.01843329913186471
0.003658907039795845
0.04942837686106422
-0.046878431790933144
-0.0011089619696647637
0.0014042495726797118
0.005133724216529472
0.02522819261936883
0.00905966261930617
-0.0038190621536987445
-0.001432382441642684
0.022627400129256944
0.019006773653225038
0.013008024232901942
0.009563422516827055
0.014521879753868589
0.019504500895718833
0.023231774811995735
-0.0024169917100332105
0.02536558282940506
0.019678562716529586
0.03292430657964733
0.009059330556744474
-0.0037817051259326404
-0.007433337607717314
0.025450255702920588
0.018908176023922054
0.024066880121114777
0.025243762323091206
0.012056982146519454
0.014219929972878631
0.019747210936716317
0.019364090062091575
0.027020902800549345
0.016475380376121788
-0.010818099496486534
0.018441579387533793
0.015644231542682036
0.005901604029484896
0.013484943719472961
0.008055962539936193
0.006235430299673218
0.007675089371883551
-0.002673046646393123
0.005817376524739612
0.011764174695111547
0.017238155528993358
0.02149901335173678
0.014041377780895077
0.0013886561122246467
0.026895392451400973
0.005782552398692635
0.01149618934144399
0.03346992021223024
0.030291809569337653
0.023278415502222424
0.01390763995707932
0.01854439311023667
0.02382375308921817
0.020539026375341086
0.017806193064524467
0.009326879585594314
0.01767067559304869
0.02081383154300394
0.0259453877865106
0.015058959025245584
0.029841768515369523
-0.0019520413035923486
0.030899991818422637
0.004579415267167187
0.025357479668216654
0.025070143036352646
0.027009052130978446
0.016481599665093428
0.008474915851637366
0.02248529076616035
0.02707443798457628
0.007490138000110661
0.027601148883774913
0.032335218741614824
0.024845573591926316
0.017204287033874197
0.0308527486807746
0.01056204543769294
0.025699985187594306
0.015601482052537988
0.022544605486216045
0.015192607634027942
0.025919042229924992
0.012128257019896456
0.00293811093408055
0.020068785040700896
0.015840677250674583
0.003936325631650289
0.015730851963315064
0.02111072356777441
0.021473297064360932
0.020939961377355754
0.020601336112028107
0.020601336112028096
0.0075294679715771215
0.006264315069327422
0.015596684641197556
0.004331169418891803
0.006928906336847615
0.01116965609159149
-0.004989467882815676
0.0158320467996639
0.012241657991192187
0.0079292642412204
0.016267339500318462
0.02726467046858117
0.007483743468984069
0.0009992761974544067
0.023295108504034608
0.012332131906488106
0.015369866185558212
0.019639082386702703
0.017505620107280715
0.013162315370901977
0.013559682058030832
0.018752410455273264
0.016536711233121205
0.01178325388667373
0.012745622296090726
0.00482893549942346
0.009229935132716796
0.0061508484482722834
