57	58	2273
25	26	2236
389	386	1812
359	1985	358
2007	1487	483
473	2142	474
2244	1346	1349
1994	2404	2408
2408	2404	73
74	2408	73
2307	2407	74
74	2407	2408
2312	66	67
703	1971	1848
1486	380	1648
1350	2407	2307
1801	1076	1977
375	1801	1977
1995	2404	1994
2504	2659	902
295	387	1842
391	1971	390
391	392	1848
1848	1971	391
1441	1336	375
375	1977	376
376	1441	375
1612	1441	376
2014	354	1862
1409	1352	2252
2430	2229	1697
121	2229	2430
121	2430	120
120	2429	2254
2430	2429	120
9	2292	8
1	2	2422
2253	127	128
126	127	2227
1408	169	198
1530	404	1694
2254	2429	1410
1679	1524	399
1697	2229	1531
1527	1687	398
399	1525	1630
400	1679	399
399	1630	400
400	1630	1831
2263	1344	1631
1631	1344	2232
2232	2670	1631
634	2670	2232
106	2438	105
1499	2268	1500
2269	2268	1499
1633	1833	2669
2669	2270	1633
309	1752	1432
766	609	1875
1478	2438	1477
1631	2670	1832
776	1468	1984
1984	769	776
1827	769	1984
1627	778	1465
1125	1130	152
152	1124	1125
152	639	1277
164	1491	195
1518	171	1526
205	1526	171
1767	485	286
2023	2558	2112
2087	208	1958
1497	208	2112
1497	1313	1050
2112	1313	1497
1864	2021	641
1853	2018	484
486	1761	291
1383	1341	2281
1211	1779	1776
1624	297	1381
2371	2273	58
1382	2273	1458
2273	2371	1458
65	66	2366
2448	61	62
1619	454	453
302	1425	1426
302	1426	303
303	1426	1617
1824	1582	803
2286	1580	1579
42	2467	41
2376	2466	42
42	2466	2467
34	35	2299
2233	35	36
33	34	2398
2234	2467	1789
41	2467	2234
1556	496	341
1579	1580	2283
1806	573	1980
1980	274	1806
2221	2222	1173
1173	2222	573
573	1806	1173
215	2109	216
221	176	2221
221	252	2210
14	15	2290
2030	2292	2492
2492	2292	9
10	2492	9
2482	19	20
2480	999	600
1148	999	2480
2147	473	2143
2143	473	474
1006	762	1934
2583	2236	26
1346	2244	2243
2242	2244	1349
2312	67	2313
2313	1338	2312
1392	1338	2313
905	1990	1843
1843	1990	387
387	295	1843
1811	695	1983
1983	386	1811
386	389	1811
188	1601	189
189	1601	2607
1597	1976	2629
1801	1481	1075
1075	1076	1801
816	1648	1395
1395	293	1651
1486	1648	817
817	647	1486
817	1648	816
1997	858	1998
392	1997	378
1997	1998	378
2504	1644	1643
913	2659	914
857	858	1997
2647	1350	1349
389	1838	388
387	1990	388
903	702	2504
2504	902	903
903	1838	702
901	2659	913
901	902	2659
1842	902	901
1812	900	696
702	1838	1645
1645	389	1812
1645	1838	389
1812	696	1645
1645	696	563
1841	295	1842
390	295	1841
913	914	1841
392	391	1849
915	701	1849
2315	1334	1439
1439	2667	2315
662	2556	661
2556	511	661
2556	2658	1371
2401	79	2400
2400	1371	2401
2402	1371	2400
2556	1371	1368
1368	1371	2402
2402	2302	1368
666	1612	665
666	1441	1612
2401	1371	1370
1370	1371	2658
545	2556	662
545	2658	2556
662	1442	545
381	380	1486
1612	376	381
381	1485	380
1634	1284	1482
1861	354	2016
1440	1439	2319
2667	1439	1440
85	86	2247
2247	2317	85
2322	1858	1493
1113	2014	1862
1114	1113	1862
1862	1863	1114
1114	1863	677
1856	1855	885
2251	2252	1352
1409	2252	2250
406	314	1913
2421	2422	2
1917	325	1711
734	2418	1404
2420	730	1404
1404	730	734
126	2227	2256
2256	2227	1356
1281	1687	1527
1518	1526	1281
282	2169	285
2053	570	2054
1913	314	2054
1913	2054	729
729	2054	570
570	2501	729
1678	166	2553
166	2554	2553
2502	1710	246
1516	2424	1518
168	171	1518
1518	2424	168
168	1517	171
1523	1516	2513
2424	1516	1523
1523	199	2424
1523	1408	198
198	199	1523
952	1693	1524
1695	1530	929
1898	313	1695
930	1530	1694
1694	717	930
929	1530	930
934	1408	1316
1408	1523	1316
1897	942	1704
402	1704	413
402	1897	1704
2427	949	1909
979	975	2427
1908	1909	2514
721	1910	1705
1115	1910	721
2514	1115	721
721	2650	2514
1116	1115	2514
1907	2650	2257
2257	1531	1907
2257	523	1697
1697	1531	2257
1704	942	718
1409	1410	2651
947	1699	1700
1705	315	2047
411	2047	315
1699	2047	411
946	1699	947
947	2257	946
945	2047	946
946	2047	1699
946	2650	945
946	2257	2650
1528	1343	2431
2431	2662	1528
620	2258	791
620	520	2258
1389	2643	2258
2326	115	2327
2327	1389	2326
2326	1389	2260
1387	1389	2258
2260	1389	1387
1387	2259	2260
1059	1831	1060
1831	1630	1060
1475	1389	2327
2643	1389	1475
791	2258	790
2258	2643	790
1047	2169	763
1527	398	397
1694	404	405
405	400	1831
1344	2263	2262
2261	2263	1631
2342	1528	1529
1529	1528	2662
634	2232	635
101	2345	100
100	2345	2344
2356	2345	101
768	769	1827
1469	1628	2344
2344	2345	1469
93	2517	92
92	2517	2516
2518	890	2660
95	96	2352
2353	95	2352
2352	1339	2353
2231	96	97
97	2269	2231
2267	94	95
2267	95	2353
93	94	2264
2264	2517	93
365	1855	1856
358	1985	1829
1875	609	1662
609	774	1662
262	359	1874
875	1828	881
2644	878	879
879	2266	2644
682	2266	879
879	1867	682
2644	2266	1351
2353	1339	1351
1351	1339	2644
1351	2267	2353
1351	2266	1401
682	1867	1869
1869	1867	361
1659	881	1828
678	876	1472
2269	1499	1472
1472	2231	2269
1471	2231	1472
770	1501	771
2354	1499	1500
678	1472	2354
2354	1472	1499
2271	1833	1633
778	2270	777
2270	2669	777
1465	778	777
1433	1603	2622
2621	193	2622
488	1881	265
2437	1477	2438
2437	1832	1477
2359	1832	2437
2437	106	2359
2438	106	2437
282	2046	2045
2045	2169	282
763	2169	2045
1057	765	1470
1470	766	1875
1470	765	766
370	1627	1465
958	1124	152
152	810	813
152	642	643
1278	1206	152
152	1277	1278
258	2006	484
484	2018	258
258	2018	2007
2007	483	258
2005	483	1759
2005	258	483
2006	258	2005
1397	1491	164
164	195	1396
2629	1976	187
1976	159	187
159	1973	187
2608	189	2607
188	1802	160
1836	2598	1987
1803	2436	1800
1803	160	2436
1803	1601	188
188	160	1803
2621	1402	2103
2103	193	2621
2103	2104	192
192	193	2103
1877	1601	1066
2607	1601	1877
488	1972	266
1978	487	1878
479	2001	255
255	2002	479
255	2001	2004
1073	1803	1800
1973	704	705
171	1517	1684
1684	205	171
1121	1682	1684
1767	286	1903
2022	2023	2557
2557	162	2022
2557	2023	2112
162	2557	2440
2365	1497	1050
2365	774	609
1276	1205	2007
1447	1446	2272
2272	1446	170
208	1497	210
210	1958	208
172	1904	2560
1384	614	1464
1464	461	1384
1384	2117	610
610	614	1384
2442	614	610
537	2443	2444
1864	641	872
872	1853	1850
641	1853	872
557	641	2021
557	1853	641
1447	2272	1959
1959	2272	203
1487	1052	1762
1762	1052	1053
1761	486	1762
781	1958	1760
1759	483	257
257	483	1487
257	1762	486
1487	1762	257
2280	2281	1341
1383	2281	2279
1382	2465	1342
2465	1462	1342
2463	1342	1462
177	2100	2626
2084	175	217
2537	174	1960
2615	1960	1212
1428	1779	1212
1210	2615	1211
1211	1776	1210
2615	1210	2573
1594	454	1619
1619	1298	1594
302	303	2092
1626	1624	926
1621	450	1626
1383	1462	2652
2652	1462	2465
2465	921	2652
927	1624	1381
1381	708	927
926	1624	927
2453	2371	58
58	59	2453
2453	59	2452
2312	1338	2367
2367	66	2312
2367	2366	66
2445	64	65
65	2366	2445
2275	60	61
2275	61	2448
306	1606	307
1822	841	1818
2368	62	63
1798	1622	452
452	1622	450
452	450	1621
1812	386	1810
1810	900	1812
899	900	1810
1810	1641	899
385	1810	386
1641	1810	385
385	386	1983
2648	1338	1392
1338	2648	2412
1822	1818	311
1619	453	1970
453	466	1970
1450	1376	2529
2529	2653	1450
649	2526	828
649	517	2526
1456	2663	2526
2455	51	2456
2456	1456	2455
2455	1456	2457
1340	1456	2526
2457	1456	1340
1340	2373	2457
712	1617	710
1617	1426	710
1584	1456	2456
2663	1456	1584
828	2526	827
2526	2663	827
827	1778	828
1381	297	304
304	303	1617
299	1776	1779
1580	2286	2285
2284	2286	1579
2462	1450	1451
1451	1450	2653
1782	2531	1365
2299	35	2237
35	2233	2237
2237	2233	1365
2496	29	30
2580	29	2496
1145	2213	808
808	2531	1145
33	2398	2238
2238	32	33
2238	2497	32
2189	2188	1180
1180	1179	2189
2189	2190	185
2205	221	2221
252	221	2205
1180	2188	1169
2219	477	444
251	2189	185
2575	2206	2207
185	2208	2207
2207	251	185
2210	252	2637
2637	2206	2210
2637	2207	2206
251	2207	2637
334	1557	496
510	273	1664
1507	510	1664
345	510	1507
809	810	152
803	1582	802
1582	805	802
804	805	1582
807	2283	804
804	2283	805
806	2283	807
1948	301	501
481	274	1980
1980	1981	481
2221	176	2641
2641	2222	2221
2641	2640	216
176	2640	2641
216	2109	2641
2109	2222	2641
986	984	1807
2080	1981	986
986	1981	984
1807	984	1591
2109	215	1591
1591	215	178
273	2110	495
495	1806	274
2110	1806	495
2221	1173	1264
1264	1173	1806
1807	1591	2632
2632	1591	178
177	2101	219
219	2100	177
2633	2632	178
220	2632	2633
1964	215	216
216	2640	1964
1145	2531	1146
1965	1429	2654
13	14	2289
2289	2294	13
2671	742	2475
740	2475	739
1420	1562	578
318	1420	319
1562	1420	318
1721	1722	469
469	455	1721
2655	1712	1419
2655	1201	1200
1419	2385	2655
2385	1201	2655
2387	1712	2491
2491	10	2387
2492	10	2491
2121	318	319
2058	318	2121
275	337	1333
2482	20	2481
1150	2297	1001
1741	2297	1366
2665	2171	2494
1016	1002	2665
1741	2171	2665
2665	2297	1741
2173	2494	2127
2494	2171	2127
2576	762	1006
2125	1254	2126
475	473	2147
2142	473	2145
473	475	2145
2145	475	2146
2065	460	2126
1739	1934	762
1333	337	1739
335	1936	339
1935	1936	335
474	2142	2144
2584	2583	26
26	27	2584
2584	27	2585
2591	1029	2590
1194	1027	152
152	1027	745
745	744	152
748	1567	749
749	1551	748
1568	504	1422
2239	2243	77
77	78	2239
2239	78	2241
2307	74	75
2308	1350	2307
1349	1350	2308
2308	2242	1349
2307	75	2308
2308	75	2242
2240	78	79
2240	79	2401
2241	78	2240
2401	1370	2240
2240	1370	2241
2314	67	68
2314	2313	67
68	2309	2314
1392	2313	2314
2314	2309	1392
1392	2309	1347
2102	2105	1282
1433	2622	2102
2102	2622	193
2102	193	192
192	2105	2102
908	1990	905
908	907	1990
905	2631	908
2631	907	908
1990	907	1839
1839	388	1990
1839	1811	389
389	388	1839
1599	1802	2593
1076	1075	2593
1802	1077	2593
695	1603	2610
2610	1603	1433
241	1603	1595
1595	1597	2629
2631	1597	1595
1595	907	2631
1971	703	912
912	911	1971
1971	911	1840
1840	1843	295
390	1971	1840
1840	295	390
904	2631	905
905	1843	904
904	1840	911
1843	1840	904
2630	1597	2631
2631	904	2630
2630	904	911
1976	1597	2630
911	912	2630
2630	703	1976
2630	912	703
2592	1068	1069
1848	392	2000
392	378	2000
293	1395	379
379	1648	380
379	1395	1648
2301	550	647
647	817	2301
1349	1346	2301
2301	817	816
2301	2647	1349
816	2647	2301
1078	1977	1076
1078	1077	1977
1076	2593	1078
1078	2593	1077
1070	1485	1283
1283	1077	1802
1394	376	1977
1394	1283	1485
1394	381	376
1485	381	1394
1977	1077	1394
1077	1283	1394
1649	2659	1483
1483	2659	2504
2504	1643	1483
2246	69	70
2246	1643	1644
2406	2659	1649
2406	914	2659
915	914	2406
1649	1995	2406
2406	701	915
513	701	2406
1994	513	2406
2406	1995	1994
549	513	1994
2407	1350	1847
1994	2408	1847
2408	2407	1847
2647	668	667
667	1998	858
1651	1998	667
667	668	1651
387	388	1837
1837	388	1838
1842	387	1837
1838	903	1837
1837	902	1842
1837	903	902
702	1645	516
516	1645	563
2504	702	516
516	1644	2504
516	563	1644
1650	391	390
1650	1849	391
390	1841	1650
915	1849	1650
1650	914	915
1650	1841	914
1982	382	1808
1982	383	382
306	307	1607
2318	83	2319
2319	1439	2318
1345	1442	662
662	661	1345
670	671	1636
2315	671	670
2315	2667	551
551	671	2315
80	2400	79
81	2302	80
2402	2400	80
80	2302	2402
1367	511	2556
2556	1368	1367
1367	1334	2315
1367	1368	2302
1336	1441	547
1441	666	547
1443	545	1442
1442	372	1443
1348	381	1486
1612	381	1348
1348	550	512
1348	512	665
665	1612	1348
1486	647	1348
647	550	1348
1481	372	1391
292	1481	1801
292	1801	375
292	372	1481
1336	1443	292
375	1336	292
292	1443	372
374	1634	1482
1988	350	351
1835	350	1988
867	1835	1988
1496	1610	672
672	515	1496
677	1863	1496
1862	354	355
355	1863	1862
355	354	1861
276	350	1835
1835	1637	276
276	1637	348
353	2010	367
277	2016	354
354	2014	277
2505	1493	1858
2505	1858	1857
2321	1858	2322
2321	88	89
2322	88	2321
1857	1858	2321
677	1496	556
556	1496	515
2316	2317	1335
1335	1440	2316
84	2317	2316
85	2317	84
2667	1440	2413
1440	1335	2413
2413	515	672
1494	2247	2249
2249	1399	1494
2249	2247	86
1399	1493	2649
1493	2505	2649
2324	1493	1399
2014	1113	1112
1112	2649	675
1113	2649	1112
1113	1114	2325
1399	2649	2325
2325	2649	1113
1494	1399	2325
2325	1114	677
677	556	2325
1857	2321	2520
2520	2321	89
89	90	2520
90	2519	2520
367	2010	1860
2009	353	352
2010	353	2009
861	1860	2010
886	885	1855
2612	2611	244
196	2020	2021
117	2251	2414
2414	116	117
2415	116	2414
119	120	2254
2254	1410	2255
2255	1410	1409
1409	2250	2255
2255	119	2254
2250	119	2255
115	116	2416
2327	115	2416
2416	116	2415
2416	1475	2327
2415	1475	2416
414	415	1915
414	315	1705
1705	1910	414
414	1910	415
1915	415	1911
1911	1117	1915
407	2051	416
416	1911	415
2051	1911	416
1706	411	315
1532	411	1706
2050	406	407
2050	975	979
2053	409	1931
1711	325	326
2420	579	731
731	730	2420
1356	1353	2661
2661	1353	2418
979	2427	2661
2661	2427	1356
1356	2227	2228
2228	1353	1356
2253	1353	2228
2228	127	2253
2228	2227	127
2420	1404	1406
2422	2421	1406
1406	1404	2422
2329	128	1
1	2422	2329
2422	1404	2329
2425	601	602
2425	1526	2042
1043	2192	2191
2194	285	2169
2169	1047	2194
408	2054	314
408	409	2053
2053	2054	408
2049	2051	407
2049	406	1913
407	406	2049
1913	729	974
974	2049	1913
1678	2553	1521
1521	2553	1513
225	1513	224
1513	2553	224
224	2553	2554
2503	246	1902
2502	246	2503
1678	1902	245
245	166	1678
1902	246	245
245	246	1710
931	938	2564
932	1696	931
1307	1677	1900
2564	936	1900
1900	936	1307
1900	1520	2564
1900	200	201
1677	200	1900
1117	1710	2506
1517	168	2512
2424	199	2512
2512	168	2424
2565	1520	1408
2565	935	932
2564	1520	2565
2565	1408	934
934	935	2565
2565	931	2564
932	931	2565
2563	1900	201
1520	1900	2563
169	1408	2563
1408	1520	2563
953	1062	2513
2513	952	953
953	952	1524
1524	1679	953
953	1679	1062
403	1695	313
313	1696	403
404	1530	403
1530	1695	403
717	569	2330
2330	930	717
2330	1352	1409
929	930	2330
1409	2651	2330
2330	2651	929
1062	1679	1061
2513	1062	1061
1061	1523	2513
1061	1316	1523
1680	405	404
934	1316	1680
1912	949	950
949	2427	950
950	2427	975
1534	2427	1909
1534	2256	1356
1356	2427	1534
1533	2650	1907
2514	2650	1533
1533	1908	2514
124	125	2336
1909	1908	2336
722	721	1705
945	2650	722
2650	721	722
948	949	1912
1912	1116	948
948	1116	2514
2514	1909	948
1909	949	948
2048	1910	1115
1115	1116	2048
2048	1116	1912
415	1910	2048
1912	416	2048
2048	416	415
1697	523	522
1698	1410	2429
1698	2430	1697
1698	2429	2430
941	940	2651
942	1897	941
941	1897	1898
1898	940	941
947	1700	719
523	2257	719
719	2257	947
1699	411	412
413	1700	412
412	1700	1699
412	411	1532
1703	413	412
412	1532	1703
2342	111	2341
2341	1528	2342
608	2662	2431
115	2326	114
114	2259	113
114	2326	2260
2260	2259	114
2258	520	1386
1386	1387	2258
520	529	1386
2431	1343	1386
1386	529	2431
2259	1387	1386
792	1630	1525
792	1060	1630
260	398	1687
260	1688	398
283	2118	2191
259	2118	283
1527	397	1888
399	1524	312
1524	1693	312
312	1692	1525
312	1525	399
1694	405	1522
1522	405	1831
521	569	1522
1059	521	1522
1522	1831	1059
1522	717	1694
1522	569	717
2340	2262	109
109	110	2340
2340	110	2339
2359	106	107
2360	1832	2359
1631	1832	2360
2360	2261	1631
2359	107	2360
2360	107	2261
2343	110	111
2343	111	2342
2339	110	2343
2342	1529	2343
2343	1529	2339
2515	1529	2662
2515	1047	763
606	2232	605
606	635	2232
2046	635	606
606	2045	2046
605	2045	606
98	2269	97
98	2268	2269
1633	2270	1466
2645	768	767
1500	1628	2645
767	770	2645
2645	770	771
2645	2354	1500
771	2354	2645
769	768	2346
1628	1469	2346
2346	2645	1628
768	2645	2346
776	769	2346
2516	2517	1502
891	2518	893
890	2518	891
2351	2352	96
96	2231	2351
1339	2352	2351
1471	1339	2351
2351	2231	1471
2017	365	279
1856	1506	279
279	365	1856
279	1506	362
1855	365	366
2022	686	2595
2595	2023	2022
2558	2023	2595
358	1829	357
357	1828	358
357	1659	1828
1659	357	278
1985	1313	1051
1051	1829	1985
2112	2558	1051
1051	1313	2112
773	2365	1050
774	2365	773
1985	359	1986
359	262	1986
1050	1313	1986
1986	1313	1985
1826	768	1827
767	768	1826
771	1501	1660
1660	1501	261
1660	262	1874
261	262	1660
880	878	2644
2644	881	880
881	1659	880
2644	1339	2350
2350	881	2644
875	881	2350
2350	1339	1471
2350	877	875
876	877	2350
1471	1472	2350
2350	1472	876
2267	1351	2265
94	2267	2265
2265	2264	94
1401	2264	2265
2265	1351	1401
364	1869	361
361	1868	364
1830	1828	875
875	877	1830
1830	359	358
358	1828	1830
772	2354	771
771	1660	772
772	1660	1874
2355	2271	1633
103	2271	2355
2362	104	105
105	2438	2362
2362	2438	1478
1478	1390	2362
780	2270	778
780	779	2270
778	1627	780
780	1627	1468
1468	779	780
775	1468	776
775	779	1468
776	2346	775
1465	777	1834
2151	2472	1967
1967	2472	2104
1432	1752	650
242	1603	241
242	2622	1603
2621	2622	242
1670	265	1881
633	2670	634
1477	1832	2439
2439	1832	2670
2670	532	2439
794	1063	2439
1478	1477	2439
2439	1063	1478
1478	1063	1064
763	2045	604
604	2045	605
604	2515	763
446	368	2162
449	447	2168
282	2119	281
281	2046	282
2162	368	2039
368	369	2039
2039	537	2162
285	2192	2170
2170	2119	282
282	285	2170
1292	2119	2170
1827	1984	290
1759	257	1764
1764	257	486
812	642	152
152	813	812
164	1396	1490
1490	874	2523
2597	1396	1987
1987	2598	2597
1861	2016	1110
2620	1068	2592
1975	159	1976
859	2620	1975
189	2608	1805
1805	1802	188
188	189	1805
1805	1283	1802
1805	2592	1070
1070	1283	1805
2522	1491	1398
2522	195	1491
1836	194	190
1987	1396	2599
2599	1396	195
2599	1836	1987
2599	194	1836
195	2522	2599
2599	2522	194
540	564	1508
1402	564	540
540	2103	1402
1508	564	1509
1509	265	1508
1509	1972	488
488	265	1509
909	1799	910
910	1972	909
697	564	1402
697	1509	564
2629	187	2628
2628	187	1973
1669	266	489
2001	479	1511
1666	487	1879
1065	1878	1066
1066	1601	1065
1398	1491	865
1800	2436	1639
910	1799	1598
1973	705	1598
1598	2628	1973
1799	2628	1598
1877	811	1974
2607	1877	1974
1974	1973	159
198	169	2116
1689	1690	2560
2443	1690	1689
1689	2444	2443
2560	1904	1689
1904	2444	1689
2042	1526	2562
1526	205	2562
1683	206	204
205	1684	2596
2596	1684	1682
2596	2562	205
2596	204	2562
2596	1682	1683
1683	204	2596
629	623	1566
1566	630	629
800	1768	801
1683	1682	1119
280	1566	498
498	1903	286
1566	1903	498
209	208	2087
2087	2440	209
209	2440	2557
2112	208	209
209	2557	2112
2569	614	2442
2442	1448	2569
1372	784	1760
1057	1315	1445
203	2272	2441
2441	2272	170
2041	1448	2442
2041	2441	1448
203	2441	2041
2561	172	2560
1768	172	2561
1613	1315	1614
1470	290	1614
1057	1470	1614
1614	1315	1057
461	1464	462
462	1834	461
462	370	1465
1465	1834	462
632	2443	537
632	631	2443
537	2039	632
625	2119	1292
2443	631	625
1292	1690	625
625	1690	2443
536	2444	534
537	2444	536
2162	537	536
870	1397	1864
1864	872	870
871	1397	870
1850	871	870
870	872	1850
798	613	1447
1447	1959	798
202	172	1768
1768	1959	202
202	1959	203
1904	172	202
202	2041	1904
203	2041	202
291	1761	2027
1400	2440	2087
2087	1053	1400
1053	1052	1400
1048	1762	1053
1048	1053	2087
53	2280	2276
2276	52	53
2278	52	2276
2375	1462	1383
1383	2279	2375
2375	2279	55
2281	2280	54
54	2279	2281
54	2280	53
55	2279	54
51	52	2277
2456	51	2277
2277	52	2278
2277	1584	2456
2278	1584	2277
1772	804	1582
807	804	1772
1775	331	1792
1431	2094	429
989	2094	1431
426	331	1775
1775	1796	426
1775	1792	987
2098	2626	2096
2096	2626	2100
2471	829	2098
2098	2096	2471
821	2471	819
1380	821	819
2536	174	2537
2627	2101	177
177	2626	2627
1208	1948	1209
2537	1960	1961
1961	1960	2615
2615	2573	1961
1211	2615	1213
2615	1212	1213
1213	1779	1211
1213	1212	1779
829	1427	1300
1300	1427	1428
1428	1212	1300
2098	829	1300
1300	1960	2098
1300	1212	1960
2154	2573	1215
2154	1961	2573
2537	1961	2154
2084	217	2154
1101	2573	1210
2156	2157	1298
2156	2534	2108
454	1594	393
393	1594	1798
1798	452	393
393	1461	454
2084	1214	2535
2535	1593	2084
1298	2157	1098
1098	1594	1298
1798	1594	1098
1098	1099	1798
1625	1622	1093
450	1622	1625
1093	1622	1095
1798	1099	1095
1095	1622	1798
240	2105	192
192	2104	240
2104	2472	240
1969	1086	1753
1215	2092	1962
1962	2092	303
303	304	1962
451	1626	450
450	1625	451
297	1624	451
1624	1626	451
1825	297	451
451	1625	1825
920	921	1621
920	2652	921
708	707	2372
2372	927	708
2372	1341	1383
926	927	2372
1383	2652	2372
2372	2652	926
1621	921	1623
1623	452	1621
1461	393	1623
1623	393	452
1620	453	454
713	2465	1382
60	2275	2274
1459	2453	2452
2371	2453	1459
1459	1458	2371
567	2674	2600
384	1845	308
1821	1606	306
840	1818	841
839	1821	840
840	1821	1818
2448	62	2449
62	2368	2449
2449	2368	1609
2449	1437	2448
1609	1437	2449
1815	2275	2448
2448	1437	1815
2450	1437	1609
2450	840	841
2450	1815	1437
63	64	2369
1609	1444	2664
839	840	2664
2664	2450	1609
840	2450	2664
1809	385	1983
1809	565	1808
694	693	1642
692	2412	694
2648	693	694
694	2412	2648
899	1641	898
898	2648	899
898	693	2648
562	2412	692
2366	2367	1844
1844	2367	1338
1338	2412	1844
1484	694	1642
692	694	1484
1642	382	1484
382	383	1484
1822	311	395
394	1605	395
1797	466	464
1797	1970	466
2462	47	2458
2458	1450	2462
828	1778	1452
1452	649	828
1449	825	648
648	825	2529
824	2653	2529
2529	825	824
51	2455	50
50	2373	49
50	2455	2457
2457	2373	50
2526	517	1374
1374	1340	2526
2529	1376	1374
2373	1340	1374
709	1426	1425
709	710	1426
1778	827	1777
1777	299	1778
1381	304	1453
1453	304	1617
711	707	1453
712	711	1453
1453	1617	712
1453	708	1381
1453	707	708
1776	299	298
298	1777	1425
298	1425	302
299	1777	298
300	1779	1428
300	299	1779
1778	299	300
300	1452	1778
2282	2285	45
45	46	2282
2282	46	2460
2377	2284	1579
2376	42	43
43	2377	2376
2284	2377	43
2461	46	47
2461	47	2462
2460	46	2461
2462	1451	2461
2461	1451	2460
2459	1451	2653
803	802	2459
2287	2233	36
1365	2233	2287
2287	1782	1365
2067	2237	1365
2299	2237	2067
29	2580	28
2657	808	1262
2657	2067	1365
1365	2531	2657
2531	808	2657
2547	1014	2182
2182	2580	2496
2069	2584	2585
2583	2584	2069
2496	30	2495
1177	1178	2190
252	2205	2636
2636	2205	2188
2636	2637	252
251	2637	2636
2188	2189	2636
2189	251	2636
1174	1265	2110
2110	1169	1174
1174	2205	1265
2188	2205	1174
1174	1169	2188
2201	2070	476
476	477	2201
477	2219	2201
1320	2180	1164
1320	2204	2180
1021	2204	1320
185	2190	253
253	2208	185
253	2617	2208
2208	2617	2209
2209	2617	2204
1418	1555	338
1254	2623	2172
1553	747	1550
1576	180	1577
1548	341	1558
341	496	1558
496	1557	1558
338	1555	507
496	1556	1755
1755	334	496
2149	2110	273
273	510	2149
2149	1179	1180
1180	1169	2149
2149	1169	2110
345	1507	1549
1950	1749	296
152	834	832
152	1175	1176
152	1171	980
1786	2530	1789
1789	2467	1786
2467	2466	1786
539	2530	2646
1579	2283	2646
2283	806	2646
1789	2530	1230
2101	991	992
301	1948	1951
1745	1948	501
1953	1746	501
1953	301	1949
501	301	1953
271	2077	494
271	1746	2077
501	1746	271
271	1745	501
152	994	993
272	2080	494
272	1981	2080
272	481	1981
1602	495	274
1980	573	982
982	983	1980
2109	983	982
573	2222	982
982	2222	2109
995	2080	996
2080	986	996
996	986	1807
985	1591	984
984	1981	985
2111	2632	220
2111	219	2101
220	219	2111
1807	2632	2111
2111	996	1807
995	996	2111
220	2633	2099
2100	219	2099
2099	219	220
2099	2633	1966
1966	2634	2099
2099	2634	989
2224	2640	176
2224	221	2210
176	221	2224
1966	2633	1592
1592	2633	178
178	215	1592
215	1964	1592
997	1964	2642
998	1146	2531
440	1784	439
1239	1784	1240
2235	1429	2378
38	39	2380
1544	2289	2291
2291	14	2290
2291	2289	14
742	2671	586
13	2294	12
2294	2295	12
2293	2295	1419
2293	12	2295
1358	2295	2294
1358	2385	1419
1419	2295	1358
741	1736	739
739	2475	741
2475	742	741
1718	741	742
1736	741	1718
319	1420	1542
1414	275	1542
1542	275	319
1542	526	1414
1562	318	317
317	318	2058
2032	524	528
1725	524	2032
470	1883	1725
1033	1883	1726
7	8	2484
2031	2292	2030
1359	2491	1712
2030	2492	1359
2492	2491	1359
1028	2655	1200
1712	2655	2493
2493	1359	1712
2030	1359	2493
1361	2121	319
1361	275	1333
319	275	1361
1040	1539	1735
1735	1539	337
1735	275	1414
337	275	1735
2296	20	21
2296	2481	20
1540	2481	2296
21	2390	2296
2298	2389	23
2298	2171	1741
1741	2389	2298
23	2389	22
22	2390	21
600	1936	599
760	761	1935
1935	1539	760
760	1539	1040
574	1420	578
574	1542	1420
526	1542	574
2483	19	2482
2391	1366	2390
1741	1366	2391
2391	2389	1741
2390	22	2391
2391	22	2389
1150	1552	1149
2297	1150	1149
1017	2665	2494
1016	2665	1017
2147	1016	1017
1257	2494	2173
1257	1258	2494
1000	1002	2143
1001	2297	1000
2297	2665	1000
1000	2665	1002
2393	24	25
25	2236	2393
2393	2236	2173
2173	2127	2393
1164	2180	2546
2148	475	2147
2147	1017	2148
478	2134	476
476	2070	478
2070	2125	478
2136	477	476
476	2134	2136
336	335	1934
336	1739	337
1934	1739	336
1935	335	336
336	1539	1935
337	1539	336
1937	335	339
339	1938	1937
1934	335	1937
1006	1934	1937
474	2144	442
442	2144	1740
339	1936	1939
600	999	1939
1939	1936	600
1001	1000	2141
2141	1000	2143
2141	2143	474
474	442	2141
433	432	2178
2178	2177	433
2184	1184	1183
1724	972	971
725	1572	964
1422	504	316
325	1917	324
329	1930	328
2550	1921	1922
1922	1513	225
1224	1921	1723
1723	1921	2550
1723	179	1724
1924	226	2548
2500	226	1927
2548	226	2500
743	1411	1564
2552	1362	231
1575	1362	2552
2552	1576	1575
1758	2590	743
1757	180	1758
1199	2590	1029
1771	505	1574
323	1573	1574
1574	505	323
1571	1572	323
323	505	1571
1571	971	972
972	964	1571
1571	964	1572
506	1515	1886
327	505	1771
327	1515	506
1771	1515	327
327	506	1514
152	970	724
508	1418	338
1567	1418	508
1770	504	1569
1570	316	1770
1770	316	504
725	1927	590
590	1572	725
1422	316	1424
1424	1195	1422
1337	2239	2241
2241	1370	1337
2242	75	76
77	2243	76
76	2243	2244
2244	2242	76
2310	1347	2309
68	69	2310
2310	2309	68
69	2246	2310
1644	1347	2310
2310	2246	1644
563	696	2311
1644	563	2311
2311	1347	1644
2311	696	900
1392	1347	2311
2311	900	899
899	2648	2311
2311	2648	1392
1433	2102	2609
2609	2610	1433
565	2610	2609
2153	2152	211
695	1811	1287
1287	1839	907
1811	1839	1287
1287	1603	695
1287	1595	1603
907	1595	1287
896	2610	565
565	1809	896
896	1809	1983
1070	2592	1071
2592	1069	1071
1482	1284	663
663	1391	1482
664	1391	663
645	1075	1481
1481	1391	645
645	1391	664
1106	1107	2598
1106	1836	1284
2598	1836	1106
1284	1634	1106
1649	2403	2405
2404	1995	2405
2405	1995	1649
72	2403	71
73	2404	72
2404	2405	72
72	2405	2403
71	2403	2306
2306	2403	1649
1649	1483	2306
513	549	1996
1996	1997	392
392	1849	1996
1996	701	513
1996	1849	701
1996	857	1997
1996	549	857
857	549	2409
858	857	2409
2409	549	1994
1994	1847	2409
2409	1847	1350
2409	667	858
1350	2647	2409
2647	667	2409
816	1395	815
815	2647	816
815	668	2647
1282	1845	1846
383	1982	1846
1846	1845	384
384	383	1846
655	1845	1282
1282	2105	655
2538	655	2105
306	1607	1608
83	2318	82
1369	661	511
1369	1345	661
1369	670	1636
1636	374	1369
1369	374	1345
2315	670	514
514	1367	2315
511	1367	514
514	1369	511
670	1369	514
2667	2413	553
2658	545	546
545	1443	546
2399	547	666
2399	1337	1370
2399	1370	2658
2658	547	2399
2399	666	665
665	512	2399
349	374	1636
1634	374	349
373	1391	372
373	372	1442
1482	1391	373
373	374	1482
1442	1345	373
1345	374	373
1861	874	1488
1488	355	1861
1396	2597	868
1103	1835	867
1103	1637	1835
867	2597	1103
1103	2597	2598
351	1610	356
1610	1496	356
355	1488	356
356	1496	1863
1863	355	356
2012	353	367
2317	2247	1495
1495	2247	1494
1495	1335	2317
1495	556	515
1494	2325	1495
1495	2325	556
515	2413	1495
1495	2413	1335
83	84	2320
2319	83	2320
2320	84	2316
2320	1440	2319
2316	1440	2320
87	88	2323
2323	2324	87
2323	88	2322
2322	1493	2323
1493	2324	2323
1399	2249	2248
2248	2324	1399
2248	2249	86
2248	86	87
87	2324	2248
890	1506	889
2660	890	889
2013	2009	352
352	277	2013
2013	277	2014
675	2649	674
674	2649	2505
674	2013	675
2009	2013	674
555	861	2505
1857	688	555
555	2505	1857
688	1860	555
1860	861	555
2010	2009	862
862	861	2010
2009	674	862
2505	861	862
862	674	2505
689	1860	688
1857	2520	1492
1492	2520	2519
2660	885	2521
885	886	2521
886	689	2521
2521	689	688
2521	688	1857
1857	1492	2521
2624	1654	2594
2022	162	243
2594	1654	2019
2019	683	2594
2019	1654	2611
163	2611	2612
2612	2020	163
2020	196	163
163	2019	2611
196	2019	163
2415	2414	1474
1474	1475	2415
118	119	2250
118	2251	117
2252	2251	118
118	2250	2252
1707	1706	315
1707	414	1915
315	414	1707
1914	2050	979
314	406	1914
406	2050	1914
410	1931	409
1932	1931	410
410	326	1932
409	1536	410
1536	732	733
733	2418	734
733	732	2418
2420	1406	1405
1405	1406	2421
2418	1353	1354
1354	1404	2418
1354	2329	1404
2328	1353	2253
2253	128	2328
128	2329	2328
2328	1354	1353
2329	1354	2328
618	1281	1526
1526	2425	618
618	2425	602
1687	1281	618
1292	2170	764
764	2170	2192
1288	1931	1932
325	324	1538
2051	2049	728
1220	1131	1678
1678	1521	1220
1220	1521	1218
1225	1921	1224
1219	1521	1513
1218	1521	1219
1899	1696	932
932	935	1899
1899	1680	404
1899	935	934
934	1680	1899
404	403	1899
1899	403	1696
2564	938	939
939	936	2564
938	1895	939
939	1895	936
2502	2503	167
167	1677	2502
167	200	1677
1708	1710	2502
1708	2506	1710
2502	1677	1708
2426	1708	1677
2506	1708	2426
1693	952	788
788	1888	1693
787	1888	788
619	1281	1527
1527	1888	619
619	1888	787
1518	1281	619
1702	1895	402
1702	413	1703
1702	402	413
1703	1307	1702
1307	936	1702
936	1895	1702
402	1895	401
401	313	1898
1898	1897	401
1897	402	401
1896	1696	313
313	401	1896
1896	401	1895
1896	1895	938
938	931	1896
1896	931	1696
1681	1680	1316
1681	1061	1679
1316	1061	1681
1679	400	1681
400	405	1681
405	1680	1681
975	2050	2052
2052	950	975
1912	950	2052
2052	2050	407
407	416	2052
2052	416	1912
2256	1534	2335
2335	125	126
126	2256	2335
2335	2336	125
2335	1534	1909
1909	2336	2335
2230	2331	1907
2230	1531	2229
1907	1531	2230
123	2331	122
122	2229	121
122	2230	2229
2331	2230	122
2334	2331	123
1907	2331	2334
2334	1533	1907
1701	522	523
413	1704	1701
1701	1700	413
523	719	1701
1701	719	1700
1704	718	1701
718	522	1701
2428	522	718
2428	718	942
1697	522	2428
2428	1698	1697
1410	1698	2428
942	941	2428
2428	2651	1410
2428	941	2651
928	1695	929
929	2651	928
2651	940	928
112	2341	111
1385	529	520
520	620	1385
398	1688	1385
1686	260	259
1688	260	1686
789	790	2643
789	1692	790
1060	792	2417
1475	1474	2417
2643	1475	2417
2417	792	2643
1059	1060	2417
2417	521	1059
533	1043	2191
533	2118	601
2191	2118	533
601	2425	533
1685	260	1687
1685	2118	259
259	260	1685
1687	618	1685
1685	618	602
602	601	1685
601	2118	1685
284	283	2191
2191	2192	284
284	2192	285
2193	283	284
284	2194	2193
285	2194	284
396	312	1693
1693	1888	396
396	1888	397
1692	312	396
1479	2340	2339
2339	1529	1479
1529	2515	1479
2261	107	108
109	2262	108
108	2262	2263
2263	2261	108
1467	1469	2345
2345	2356	1467
2356	1466	1467
779	775	1467
2270	779	1467
1467	1466	2270
1467	2346	1469
1467	775	2346
2432	92	2516
2432	91	92
2434	91	2432
2516	1502	1663
1663	1502	2518
1663	2432	2516
2434	2432	1663
1663	2518	2660
367	1860	2008
2008	366	367
1855	366	2008
1860	689	2008
2008	886	1855
2008	689	886
2017	279	1870
1870	279	362
362	1656	1870
361	1867	360
278	1498	360
1866	686	1868
1866	1868	361
361	360	1866
1866	360	1498
1872	1498	278
1872	357	1829
1872	278	357
2558	2595	560
1498	1872	560
1658	1986	262
261	1662	1658
1658	262	261
1658	1662	774
774	773	1658
1658	773	1050
1050	1986	1658
893	2518	892
895	2266	682
895	894	2266
682	1869	895
362	1506	1876
1876	1506	890
890	891	1876
1874	359	1473
359	1830	1473
1473	876	678
1473	877	876
1473	1830	877
679	772	1874
1874	1473	679
679	1473	678
678	2354	679
2354	772	679
2357	2355	1633
1633	1466	2357
2357	1466	2356
103	2355	102
102	2356	101
102	2357	2356
2355	2357	102
2361	1390	1833
2361	2362	1390
104	2362	2361
612	777	2669
612	1834	777
1632	519	622
1753	1086	842
1089	2159	1088
1088	1969	1089
1086	1969	1088
1752	856	843
843	650	1752
843	856	2151
2151	1967	843
1967	650	843
543	2104	653
653	1432	543
1432	650	543
543	1967	2104
543	650	1967
265	1670	503
503	309	1432
1432	1508	503
1508	265	503
535	532	2670
2670	633	535
634	635	1906
1906	635	2046
2046	281	1906
1906	281	369
794	2439	531
531	2439	532
1833	1390	2568
2568	1390	1478
1478	1064	2568
622	519	2568
2568	2669	1833
2568	519	2669
2163	2168	447
2163	446	2162
447	446	2163
2163	536	534
2162	536	2163
449	2168	2167
369	281	1905
1905	2039	369
1905	281	2119
2119	625	1905
1905	625	631
631	632	1905
1905	632	2039
1875	1662	288
288	1662	261
1501	1826	288
261	1501	288
152	1206	1054
1763	1764	486
1763	486	291
291	2025	1763
499	2025	291
2028	287	499
499	2027	2028
291	2027	499
2091	287	2028
2091	2028	613
613	798	2091
255	2004	482
482	2004	1850
484	2006	1852
640	639	152
152	643	640
164	1490	165
165	1397	164
1865	1490	2523
1111	874	1861
1861	1110	1111
2523	874	1111
1111	1110	2523
1600	2620	2592
2592	1805	1600
1600	1805	2608
2608	1975	1600
1600	1975	2620
159	1975	161
161	1975	2608
161	2608	2607
2607	1974	161
161	1974	159
1976	703	1301
859	1975	1301
1301	1975	1976
1301	703	1848
1301	2000	859
1848	2000	1301
2411	1802	1599
2411	160	1802
2436	160	2411
2103	540	652
652	540	1508
1596	697	1402
1596	1402	2621
2621	242	1596
241	1799	1596
1596	242	241
186	1799	241
186	2628	1799
2629	2628	186
186	1595	2629
241	1595	186
1510	266	1972
1667	489	1510
1510	489	266
1510	705	704
811	1667	646
646	1974	811
1066	1878	1067
1067	1667	811
1878	1667	1067
1067	1877	1066
1067	811	1877
264	487	1666
264	1667	1878
1878	487	264
264	489	1667
1669	489	1880
1880	264	1666
489	264	1880
487	1978	263
263	1511	479
1978	1511	263
263	1879	487
1668	479	2002
1668	263	479
1879	263	1668
1072	1073	1978
1803	1073	1072
1105	1109	1398
1398	865	1105
2001	1109	1105
1105	2004	2001
1105	865	2004
866	865	1491
2004	865	866
1398	1109	1638
1638	2522	1398
194	2522	1638
1638	190	194
1638	1639	190
910	1598	906
906	1598	705
906	1972	910
705	1510	906
906	1510	1972
2566	2116	169
1519	2116	2566
2566	2563	201
169	2563	2566
2038	199	198
198	2116	2038
2038	2512	199
2562	204	2043
2042	2562	2043
2043	206	1690
2043	204	206
2043	1690	1292
1292	764	2043
152	1123	963
152	628	1122
1122	1123	152
624	1119	1903
1683	1119	624
1767	1903	1120
1120	1121	1767
1903	1119	1120
1120	1682	1121
1120	1119	1682
1766	498	286
2363	1372	1760
1760	1958	2363
1958	210	2363
783	1056	1446
1447	613	783
783	1446	1447
613	2028	783
2028	1056	783
1497	2365	1661
2525	765	1057
1057	1445	2525
766	765	2525
1445	1661	2525
2525	1661	2365
609	766	2525
2525	2365	609
1448	2441	1373
1373	2569	1448
1373	2441	170
1373	1445	1315
207	2561	2560
2560	1690	207
1690	206	207
1768	2561	1578
1578	629	630
1578	801	1768
630	801	1578
371	370	1613
371	1614	290
1613	1614	371
1468	1627	371
1627	370	371
371	1984	1468
371	290	1984
1613	370	1463
370	462	1463
1463	462	1464
615	1464	614
614	2569	615
2569	616	615
615	1463	1464
616	1463	615
1058	616	2569
1058	1373	1315
2569	1373	1058
1058	1315	1613
1613	1463	1058
1058	1463	616
2020	1275	685
685	1275	2018
1274	1276	2007
2007	2018	1274
2018	1275	1274
799	798	1959
799	2091	798
1055	2027	784
784	1372	1055
1761	781	617
617	2027	1761
784	2027	617
1760	784	617
617	781	1760
1204	1400	1052
1204	1052	1487
1049	781	1761
1958	781	1049
2278	2276	1454
1454	1584	2278
2464	56	57
2463	56	2464
1342	2463	2464
57	2273	2464
2464	2273	1382
1382	1342	2464
55	56	2374
2374	2375	55
2374	56	2463
2374	2463	1462
1462	2375	2374
428	1792	331
429	2094	428
2094	1792	428
331	426	1774
427	426	1796
1775	987	636
636	1796	1775
1137	1796	636
988	987	1792
988	1792	2094
2634	987	988
2100	820	2572
2572	2096	2100
819	2471	2572
2572	2471	2096
989	1431	1295
1295	820	2100
2100	2099	1295
1295	2099	989
423	1380	330
1585	1380	423
1585	1427	829
821	1380	1585
2095	422	421
218	2536	2537
2537	2154	218
218	2154	217
2101	2627	2155
2155	2627	2097
2155	2097	835
2155	991	2101
250	2627	2626
250	2626	2098
2097	2627	250
835	2097	836
836	1745	835
1102	2092	1215
1102	1101	2092
1215	2573	1102
2573	1101	1102
1780	1210	1776
1780	1101	1210
2092	1101	1780
1776	298	1780
302	2092	1780
1780	298	302
1087	2534	1090
2534	1092	1090
1090	1797	1087
1090	1092	1970
1970	1797	1090
1091	1298	1619
1619	1970	1091
1970	1092	1091
1091	1092	2534
1091	2156	1298
2534	2156	1091
1093	2535	924
924	1625	1093
1825	1625	924
2533	2535	1093
1093	1095	2533
1593	2535	2533
2157	1593	2533
2533	1095	1099
2533	1098	2157
1099	1098	2533
2105	240	2384
2384	240	2472
1208	2081	1207
1207	1948	1208
1207	1951	1948
2536	2081	2082
174	2536	2082
2082	2081	1208
1208	1209	2082
2159	2571	2107
2107	842	1086
2107	1088	2159
1086	1088	2107
212	2153	211
2532	2156	2108
2532	212	2571
2108	2153	2532
2153	212	2532
2157	2156	213
2085	2081	2536
2085	218	217
2536	218	2085
1094	1749	1950
1215	1962	1322
1322	1214	2084
1322	2154	1215
2084	2154	1322
926	2652	925
2652	920	925
925	1626	926
454	1461	1460
1460	1620	454
1618	466	453
453	1620	1618
2465	713	568
568	1460	1461
713	1460	568
714	713	1382
714	1460	713
60	2274	2451
59	60	2451
2452	59	2451
2600	2674	1604
2452	2451	1604
1604	2451	2274
1604	1459	2452
2674	1459	1604
917	1605	660
2600	917	660
660	567	2600
1820	1607	307
307	308	1820
1820	308	1845
1845	655	1820
846	1607	1820
1393	307	1606
1393	308	307
310	311	1818
1818	1821	310
310	1821	306
306	1608	310
1817	311	310
310	1608	1817
1814	2274	2275
2275	1815	1814
1814	1815	2600
2600	1604	1814
1814	1604	2274
1815	2450	918
2370	2368	63
63	2369	2370
2370	1444	1609
1609	2368	2370
2370	2369	1444
64	2445	2446
2446	2369	64
1444	2369	2446
2446	2445	1992
1992	1444	2446
1808	382	294
385	1809	294
294	1809	1808
294	382	1642
1642	1641	294
1641	385	294
1991	1844	2412
1991	2445	2366
1992	2445	1991
2366	1844	1991
1647	1484	383
1647	383	384
384	1993	1647
1993	562	1647
1647	562	692
692	1484	1647
851	1393	1606
852	1393	851
1822	395	1816
1816	395	1605
1816	1605	917
2106	1797	464
1087	1797	2106
48	2458	47
517	649	1375
649	1452	1375
1449	648	1375
538	648	2529
2529	1374	538
538	1374	517
517	1375	538
538	1375	648
1082	2459	2653
826	827	2663
826	1777	827
710	709	2454
1584	1454	2454
2663	1584	2454
2454	709	2663
712	710	2454
2454	711	712
1428	1427	425
425	300	1428
1449	1375	425
1452	300	425
425	1375	1452
1377	2282	2460
2460	1451	1377
1451	2459	1377
2284	43	44
45	2285	44
44	2285	2286
2286	2284	44
2383	37	38
2497	2238	2129
2587	2068	2129
2129	2068	2497
2299	2067	2397
2397	34	2299
2397	2398	34
2397	2066	2398
2397	2067	2066
2066	2067	2396
2067	2657	2396
2579	28	2580
2583	2069	2174
2173	2236	2174
2236	2583	2174
2138	2068	2666
1183	1184	2666
2666	2068	2587
2547	2138	2666
2666	1184	2547
32	2497	2498
2497	2068	2498
2547	2182	2181
2181	2138	2547
2181	2495	2138
2181	2182	2496
2496	2495	2181
1021	1320	2187
2539	2209	2204
2539	1181	1182
2539	2204	1021
1021	1181	2539
1954	1009	1553
1557	334	1554
1554	507	1555
334	507	1554
2063	2473	1738
183	2473	2063
2474	1550	235
1553	1550	2474
235	2473	2474
2474	2473	183
2474	1954	1553
183	1954	2474
746	1550	747
747	1418	746
1567	1568	750
750	749	1567
2618	253	2190
2617	253	2618
2623	2546	2220
2220	2172	2623
2220	2546	2180
1955	507	334
334	1755	1955
1159	1158	152
345	1549	509
509	341	1548
1559	509	1549
1559	1556	341
341	509	1559
1023	1175	152
152	1158	1023
1749	1969	500
500	296	1749
500	2086	296
831	1084	152
152	832	831
1512	1881	488
488	266	1512
1512	266	1669
699	700	152
566	809	152
152	700	566
1791	2377	1579
1579	2646	1791
1791	2646	2530
1791	1786	2466
2530	1786	1791
1791	2466	2376
2376	2377	1791
437	1589	438
438	1587	437
333	436	1588
436	333	1785
1788	1429	2235
1788	2234	1789
2235	2234	1788
1950	296	490
301	1951	490
490	1951	1950
1949	301	490
835	1745	818
818	2155	835
991	2155	818
2079	992	991
1745	271	2079
991	818	2079
2079	818	1745
494	2080	2079
2079	271	494
833	834	152
152	993	833
495	1602	1665
1664	273	1665
273	495	1665
481	272	1744
2210	2206	2639
2639	2206	2575
1138	1796	1137
2223	1964	2640
2223	2642	1964
2638	2642	2223
2640	2224	2223
2223	2224	2638
2196	998	1237
1146	998	2196
997	2642	1141
2642	1140	1141
439	333	2133
2133	333	1588
2468	1586	1965
1239	1240	2468
1965	2654	2468
2468	2654	1239
1239	2654	1236
2654	1142	1236
40	2378	39
41	2234	40
40	2234	2235
2235	2378	40
2381	2378	1429
2381	1429	1965
1965	2380	2381
39	2378	2381
2381	2380	39
2547	1184	1185
2176	2131	433
2132	1188	2176
1737	2671	2475
1737	2475	1544
1544	2291	1737
1737	2291	2290
1737	1546	2671
2478	1546	2476
15	16	2476
16	2478	2476
578	1562	577
577	2671	578
577	586	2671
1202	1201	2385
2385	575	1202
1202	1360	1201
576	575	2385
2388	1712	2387
1419	1712	2388
2388	2293	1419
2387	10	11
12	2293	11
11	2388	2387
2293	2388	11
321	1718	1717
742	586	1717
1717	1718	742
1717	317	321
1562	317	1717
469	1722	467
575	576	1543
1543	576	740
1543	740	739
739	1736	1543
2487	6	7
2489	6	2487
5	6	2488
2488	6	2489
2489	1355	2488
1714	2488	1355
1034	1033	1726
1883	1033	757
757	1033	2672
2486	8	2292
2486	2484	8
1882	2484	2486
2292	2031	2486
2486	2031	1882
2030	1038	2490
2490	2031	2030
1882	2031	2490
2490	528	524
2490	524	2672
2672	1882	2490
2032	528	2033
1037	2029	1038
759	2029	1037
1037	2493	759
1037	1038	2030
2030	2493	1037
1884	2029	759
1884	1721	455
2655	1028	527
527	2493	2655
1722	1721	527
527	1028	1722
2390	1366	1415
1415	2296	2390
1540	2296	1415
1415	2480	1540
1415	1366	2297
2297	1149	1415
23	24	2392
2392	2298	23
2171	2298	2392
1414	526	525
525	544	1414
1039	1735	1414
1414	544	1039
1040	1735	1039
17	2541	2386
2386	16	17
2386	2478	16
18	2541	17
2542	2541	18
761	760	2656
2656	599	761
2656	2480	600
600	599	2656
1148	2480	1147
1147	1552	1148
1147	1149	1552
2480	1415	1147
1147	1415	1149
2494	1258	1018
1018	1017	2494
1018	2148	1017
1255	1257	2173
762	2576	1042
1042	1739	762
1251	2546	2623
2070	2201	1251
475	2148	458
2146	475	458
460	2065	458
458	2065	2146
1258	1257	2175
1257	1255	2175
2175	1255	1256
1003	2144	2142
1740	1940	443
443	442	1740
2071	1150	1001
1001	2141	2071
2071	1552	1150
2071	2141	442
2071	443	1552
442	443	2071
1167	1182	2072
1167	2539	1182
2195	1167	2072
1190	1167	2195
2208	2209	2540
1190	1189	2540
2209	2539	2540
2540	1168	2208
2540	1189	1168
2540	1167	1190
2539	1167	2540
1168	2177	1329
2177	2178	1329
2208	1168	1329
1329	2207	2208
344	343	2132
344	2176	433
2132	2176	344
433	2177	344
2132	343	2203
1224	1723	1223
222	1723	2550
179	1723	222
2550	2614	222
226	1924	181
181	1362	1927
231	1362	181
1927	226	181
1724	2500	1926
1926	2500	1927
1926	972	1724
1926	964	972
1926	1927	725
725	964	1926
1724	179	227
227	2500	1724
2548	2500	227
227	1928	2548
179	1928	227
1925	1924	2548
2548	1928	1925
223	2614	2550
223	1922	225
2550	1922	223
1923	223	225
2614	223	1923
1957	754	753
753	1563	1957
1716	317	2058
1716	1957	321
321	317	1716
2032	2033	456
1030	1029	2591
1363	597	2591
231	181	1363
1363	181	1924
230	1758	180
230	180	1576
1576	2552	230
1551	2578	228
1769	2578	1551
1577	2578	1769
1551	749	1769
749	750	1769
229	1577	180
229	2578	1577
229	180	1757
1198	1411	743
1198	1199	1411
743	2590	1198
2590	1199	1198
1423	1571	505
505	327	1423
1423	327	1514
1423	1225	1224
1514	1225	1423
1224	1223	1423
1193	1194	152
152	724	1193
320	1756	1569
1569	504	320
320	508	1756
320	1568	1567
504	1568	320
1567	508	320
1575	1576	1197
1197	1195	1575
1422	1195	1197
1196	1424	582
1195	1424	1196
1196	582	1362
1196	1362	1575
1575	1195	1196
1572	1424	493
323	1572	493
493	1424	316
493	1570	1573
493	1573	323
493	316	1570
2243	2239	1331
1346	2243	1331
2239	1337	1331
512	550	1331
1331	2301	1346
550	2301	1331
1331	2399	512
1337	2399	1331
654	2102	1282
654	2609	2102
654	691	2609
1282	1846	654
654	1846	1982
1982	691	654
2574	2153	2108
2108	2534	2574
2574	2534	1087
1983	695	897
897	896	1983
695	2610	897
2610	896	897
293	1652	377
1651	293	377
377	1998	1651
377	378	1998
1999	2000	378
378	377	1999
1999	377	1652
859	2000	1999
293	379	1804
1804	1652	293
1804	1069	1068
1068	1652	1804
669	1652	1068
1068	2620	669
669	1999	1652
664	663	2410
2410	645	664
1599	2593	2410
2410	2593	1075
1075	645	2410
70	71	2305
71	2306	2305
2305	2306	1483
847	2538	846
655	2538	847
846	1820	847
847	1820	655
2152	853	2601
1817	1608	838
81	82	2303
2303	2302	81
1334	1367	2303
2303	1367	2302
552	551	2667
673	2413	672
673	553	2413
672	1610	673
548	547	2658
2658	546	548
1336	547	548
1634	349	1989
348	1637	1989
1989	349	348
1989	1106	1634
1107	1106	1989
867	1988	869
1988	868	869
869	2597	867
869	868	2597
1286	1488	874
874	1490	1286
1286	1490	1396
1396	868	1286
1637	1103	1104
1107	1989	1104
1104	1989	1637
2598	1107	1104
1104	1103	2598
2114	365	2017
2114	366	365
884	885	2660
2660	889	884
1856	885	884
1653	1492	2519
1653	2521	1492
2660	2521	1653
1653	1663	2660
2434	1663	1653
2612	244	1854
244	243	1854
1205	1276	1854
683	2019	1302
1302	863	2012
1388	2414	2251
1388	2251	1352
1388	1474	2414
1388	569	521
1352	2330	1388
1388	2330	569
521	2417	1388
1388	2417	1474
978	1914	979
979	2661	978
978	2661	976
2056	408	314
314	1914	2056
1535	410	1536
730	731	1535
734	730	1535
1535	733	734
1536	733	1535
2507	2421	2
2507	1405	2421
1734	329	328
1713	1537	2508
2192	1043	1044
1044	764	2192
572	2501	570
572	570	2053
1932	326	2059
2059	326	325
325	1538	2059
1930	1228	1229
2555	2501	2057
2555	729	2501
2555	974	729
1317	1710	1117
1117	1911	1317
1317	1911	2051
2051	728	1317
2115	167	2503
200	167	2115
1675	1676	268
1514	727	1136
1136	1225	1514
727	1922	1136
1136	1922	1921
1921	1225	1136
726	1219	1513
937	1677	1307
937	2426	1677
1703	1532	937
937	1307	1703
1518	619	2511
2511	619	787
787	788	2511
2511	1516	1518
2513	1516	2511
2511	952	2513
2511	788	952
2333	123	124
2333	2334	123
1533	2334	2333
2338	112	113
113	2259	2338
2338	1386	1343
2259	1386	2338
2662	608	607
607	1045	2662
2193	2194	1046
1046	1045	2193
1046	2194	1047
1047	2515	1046
1046	2515	2662
2662	1045	1046
1629	620	791
1629	1385	620
1629	397	398
398	1385	1629
2044	1686	259
2044	283	2193
259	283	2044
608	1686	2044
2044	607	608
1688	1686	603
603	1686	608
603	608	2431
2643	792	793
793	789	2643
793	792	1525
2262	2340	1480
1344	2262	1480
2340	1479	1480
1480	604	605
1480	2232	1344
605	2232	1480
2515	604	1480
1480	1479	2515
2348	1628	1500
90	91	2433
2433	91	2434
2433	2519	90
2433	1653	2519
2434	1653	2433
1504	687	1656
1504	364	1868
2624	687	1871
1654	2624	1871
2611	1654	1871
1871	244	2611
2022	243	1871
1871	243	244
684	2624	2594
2017	1870	684
1656	687	888
888	687	2624
1659	278	1873
278	360	1873
1873	360	1867
1873	879	878
1867	879	1873
2558	560	559
559	560	1872
559	1872	1829
1498	560	681
681	1866	1498
681	560	2595
894	892	1503
2517	2264	1503
1503	2264	1401
1503	1502	2517
1401	2266	1503
2266	894	1503
2518	1502	1503
1503	892	2518
362	1876	363
363	1656	362
363	1504	1656
364	1504	363
364	363	2024
2024	363	1876
2024	891	893
2024	1876	891
1833	2271	2358
2358	2361	1833
104	2361	2358
103	104	2358
2358	2271	103
2669	519	611
611	612	2669
449	2167	448
448	2167	2117
461	1834	1476
519	1632	1476
1476	611	519
2165	1632	622
449	448	2165
2165	448	1632
1753	842	855
368	446	2161
532	535	2161
622	2568	795
795	2568	1064
795	2165	622
2117	2167	627
627	2041	2442
1875	288	289
289	1470	1875
289	290	1470
289	288	1826
289	1826	1827
1827	290	289
782	786	152
152	1054	782
287	2091	497
280	2089	497
2089	2090	497
497	2090	287
800	801	2088
2088	630	1566
2088	801	630
2088	1566	280
280	497	2088
2088	497	2091
2025	499	2026
2026	499	287
287	2090	2026
2003	482	1851
2003	2002	255
255	482	2003
1851	482	256
256	1852	1851
484	1852	256
256	1853	484
1850	1853	256
256	482	1850
2435	2021	1864
1864	1397	2435
1397	165	2435
2113	2019	196
863	1302	2113
2113	1302	2019
873	1110	2016
2523	1110	873
864	676	2011
2011	863	864
2012	863	2011
352	353	2011
353	2012	2011
1836	190	1640
1640	2411	1599
1599	2410	1640
1284	1836	1640
1640	663	1284
1640	2410	663
697	1596	698
1509	697	698
1074	1073	1800
1978	1073	1074
1074	1511	1978
1108	1638	1109
1108	1109	2001
2042	2043	2423
2423	2425	2042
2423	1044	1043
2423	533	2425
1043	533	2423
2423	2043	764
764	1044	2423
959	958	152
152	963	959
498	1766	1565
1565	2089	280
280	498	1565
1372	2363	248
629	1578	1364
623	629	1364
1364	1578	2561
2561	207	1364
1364	206	1683
1364	207	206
1203	1204	1487
1455	2276	2280
1455	2280	1341
1455	1454	2276
1455	707	711
1341	2372	1455
1455	2372	707
711	2454	1455
1455	2454	1454
637	1774	539
539	2646	637
1583	806	807
807	1772	1583
1583	1772	429
429	428	1583
539	1774	1793
1793	1774	426
426	427	1793
429	1772	430
430	1772	1582
430	1431	429
1582	1824	430
1824	422	430
1794	427	1796
1796	1138	1794
1794	1587	438
438	427	1794
1137	636	2635
1592	1138	2635
2635	1138	1137
1966	1592	2635
2635	2634	1966
2635	987	2634
2635	636	987
990	2094	989
990	988	2094
989	2634	990
2634	988	990
819	2572	1080
822	1585	829
821	1585	822
829	2471	822
2471	821	822
422	2095	1430
1431	430	1430
1430	430	422
1430	1295	1431
820	1295	1430
1430	2095	820
421	330	1590
1590	2095	421
1590	330	1380
1590	1080	2095
1590	1380	819
819	1080	1590
923	2535	1214
923	924	2535
923	1214	1825
1825	924	923
1968	2538	2105
2105	2384	1968
1968	2601	2538
1968	2384	2152
2152	2601	1968
211	2152	239
2152	2384	239
239	2384	2472
2151	211	239
239	2472	2151
1951	1207	1100
1100	1207	2081
2081	2085	1100
2097	250	249
249	2082	2097
174	2082	249
249	1960	174
2098	1960	249
249	250	2098
2150	2107	2571
2571	212	2150
842	2107	2150
2150	211	2151
2150	212	211
2150	855	842
2470	175	2084
2084	1593	2470
2470	2469	175
2470	1593	2157
2156	2532	173
173	213	2156
173	2532	2571
173	2571	2159
2159	213	173
2083	2469	1747
175	2469	2083
2083	217	175
2083	2085	217
1096	1094	1747
1749	1094	1096
1825	1214	1963
1214	1322	1963
1963	1322	1962
1963	297	1825
1963	304	297
1963	1962	304
466	1618	1457
1457	1435	464
464	466	1457
1461	1623	922
922	568	1461
922	1623	921
922	921	2465
2465	568	922
1382	1458	2570
2570	714	1382
1458	1459	2570
2570	1459	2674
1813	660	1605
1813	1605	394
1435	567	1813
567	660	1813
1646	1393	852
308	1393	1646
1646	1993	384
384	308	1646
919	2450	841
919	918	2450
919	841	1822
1822	1816	919
919	1816	918
2412	562	561
561	1991	2412
561	850	1991
561	562	1993
1993	850	561
2447	1444	1992
1992	1991	2447
1991	850	2447
852	851	2447
2447	2664	1444
2447	851	2664
839	2664	848
2664	851	848
848	851	1606
916	1816	917
918	1816	916
916	917	2600
2600	1815	916
1815	918	916
465	2106	464
464	1435	465
1435	1813	465
465	1813	394
1817	853	1819
1819	311	1817
1819	395	311
2153	2574	854
2527	48	49
49	2373	2527
2527	1374	1376
2373	1374	2527
2653	824	823
803	2459	1083
2459	1082	1083
1083	1824	803
2663	709	706
706	826	2663
706	709	1425
1427	1585	424
424	425	1427
424	1585	423
1449	425	424
2285	2282	1581
1580	2285	1581
2282	1377	1581
1581	802	805
1581	2283	1580
805	2283	1581
1581	2459	802
1581	1377	2459
1781	2383	1586
1237	998	1781
1781	2468	1237
1586	2468	1781
2531	1782	1781
1781	998	2531
37	2383	2382
1782	2287	2382
2382	1781	1782
2383	1781	2382
36	37	2382
2382	2287	36
2379	2380	1965
1965	1586	2379
1586	2383	2379
38	2380	2379
2379	2383	38
2398	2066	2130
2130	2238	2398
2130	2129	2238
2066	2396	2130
2130	1268	2587
2587	2129	2130
28	2579	2582
27	28	2582
2585	27	2582
1013	2182	1014
1013	2581	2182
2182	2581	1943
2580	2182	1943
1943	2579	2580
2585	2582	2179
2179	2582	2579
2179	2069	2585
2579	1943	2179
2179	1943	2581
2586	2174	2069
1256	1255	2586
2173	2174	2586
2586	1255	2173
2134	738	1011
1256	2586	1165
1165	2586	738
2587	1188	1187
1187	2666	2587
1187	1188	2132
2132	2203	1187
2499	2068	2138
2499	2498	2068
2186	1181	1021
1021	2187	2186
2072	1182	2186
1182	1181	2186
2186	2187	347
2186	346	2072
2186	347	346
2139	2187	1320
1164	2219	2139
2139	1320	1164
2139	2219	444
1008	1418	747
1555	1418	1008
1008	1009	1555
1008	747	1553
1553	1009	1008
1009	1954	1152
1555	1009	1152
1738	2473	1933
1933	2576	1738
1933	2473	235
183	2063	184
184	1954	183
237	184	1942
1942	184	2063
1025	1577	1026
1026	1568	1025
1026	750	1568
1577	1769	1026
1026	1769	750
1558	1249	1250
1250	1160	1548
1548	1558	1250
1249	1945	1250
1250	1945	1160
1742	1022	1020
1944	2618	2190
1742	2618	1944
2190	1178	1944
1178	1166	1944
1944	1022	1742
1944	1166	1022
2180	2204	238
338	507	1560
507	1955	1560
152	1156	1157
1157	1159	152
502	309	1750
1750	1751	502
1753	1752	502
1752	309	502
2086	500	1748
1949	490	1952
296	2086	1952
1952	490	296
1588	436	1783
436	437	1783
1783	437	1587
1783	1140	1588
1783	1141	1140
1783	1587	997
997	1141	1783
436	1785	1787
1589	437	1787
1787	437	436
1787	1144	1589
1172	1171	152
152	1176	1172
981	994	152
152	980	981
481	1744	1743
274	481	1743
1743	1602	274
494	2077	2078
2078	272	494
2078	1744	272
1324	1592	1964
1324	1964	997
1324	1138	1592
997	1587	1324
1324	1794	1138
1587	1794	1324
2197	1240	1784
1784	440	2197
2197	440	441
441	2196	2197
2198	2196	441
1146	2196	2198
2198	2213	1145
1145	1146	2198
2638	2224	1266
1588	1140	735
735	2133	1588
735	2642	2638
735	1140	2642
441	440	2199
439	1784	2093
2093	1784	1239
1239	1236	2093
2093	333	439
2093	1785	333
1589	1144	1233
2288	2654	1429
1429	1788	2288
2288	1233	1144
2288	1788	1789
1015	1185	2202
1015	1014	2547
2547	1185	1015
1184	2184	2185
2185	1185	1184
2202	1185	2185
2185	2184	346
2185	347	2202
346	347	2185
2396	1273	1270
1268	2131	1269
2131	2176	1269
1269	2176	1188
2587	1268	1269
1269	1188	2587
1546	1737	2477
2477	1737	2290
2477	2476	1546
2290	15	2477
15	2476	2477
740	576	1545
1544	2475	1545
2475	740	1545
2294	2289	1545
1545	2289	1544
1545	1358	2294
2385	1358	1545
1545	576	2385
1561	467	1722
1200	1201	1561
1201	1360	1561
575	1543	1421
1421	1202	575
1360	1202	1421
418	1543	1736
418	1421	1543
418	1563	1564
7	2484	2485
2485	2487	7
2485	2484	1882
2544	1034	1035
2544	1714	1355
2672	1033	2544
1033	1034	2544
2672	524	756
756	757	2672
524	1725	756
758	2490	1038
528	2490	758
758	2033	528
1038	2029	758
2029	2033	758
759	2493	598
2493	527	598
598	527	1721
1721	1884	598
598	1884	759
2171	2392	2394
2394	2127	2171
2394	2393	2127
24	2393	2394
2394	2392	24
544	525	1412
1412	2386	2541
2479	18	19
19	2483	2479
2542	18	2479
2542	2479	1416
1416	2479	2483
2480	2656	1541
1541	1416	2483
2656	1416	1541
1540	2480	1541
1541	2481	1540
2482	2481	1541
1541	2483	2482
2546	1251	1010
1010	1251	2201
1010	2201	2219
2070	1251	1252
1252	2125	2070
1252	1251	2623
1258	2175	2064
2064	1018	1258
2148	1018	2064
2064	458	2148
460	458	2064
2064	2175	460
459	478	2125
2126	460	459
459	2125	2126
2142	2145	1244
1244	1003	2142
2605	1003	1244
1244	2619	2605
2144	1003	1004
1004	1003	2605
1254	2172	1326
2126	1254	1326
1326	2065	2126
1552	443	1941
1148	1552	1941
1941	999	1148
1941	1939	999
2225	2195	343
343	344	2225
2225	344	2177
2225	2177	1168
1168	1189	2225
2225	1189	1190
1190	2195	2225
346	2184	342
342	2203	343
2184	2203	342
2072	346	342
343	2195	342
342	2195	2072
470	2060	2061
966	2123	2061
2061	965	966
2060	965	2061
1726	1883	471
471	419	1726
471	1883	470
470	2061	471
2123	419	471
471	2061	2123
1726	419	1730
1730	1729	1035
1730	1034	1726
1035	1034	1730
1729	1730	420
420	1730	419
2549	1925	1928
1928	967	2549
966	965	2549
1288	1923	1332
2057	2501	1332
1332	2554	2057
1332	224	2554
225	224	1332
1332	1923	225
743	1564	1279
1564	1563	1279
1563	753	1279
1757	1758	1279
1279	1758	743
1279	753	1757
751	1716	2058
752	754	1957
1957	1716	752
1716	751	752
1041	1042	2576
2576	1933	1041
1333	1739	1041
1739	1042	1041
755	965	2060
472	2060	470
470	1725	472
472	1725	2032
2032	456	472
457	1884	455
2029	1884	457
457	2033	2029
457	456	2033
2591	597	596
596	1030	2591
1029	1030	1919
469	467	1919
597	1363	1291
1291	1363	1924
1924	592	1291
231	1363	2589
1758	230	2589
2589	2552	231
2589	230	2552
1918	228	2577
2577	229	1757
2577	228	2578
2578	229	2577
152	1130	1222
1222	1221	152
1135	970	152
1024	1197	1576
1422	1197	1024
565	2609	690
2609	691	690
1808	565	690
690	1982	1808
690	691	1982
380	1485	1979
1979	379	380
1979	1804	379
1979	1485	1070
1070	1071	1979
1979	1071	1069
1069	1804	1979
860	2620	859
860	669	2620
859	1999	860
1999	669	860
2245	2246	70
70	2305	2245
2245	2305	1483
2245	1483	1643
1643	2246	2245
837	838	2601
837	2601	853
837	853	1817
1817	838	837
651	1608	1607
651	1607	846
651	838	1608
846	2538	651
2538	2601	651
2601	838	651
2304	82	2318
2304	2303	82
2304	2318	1439
2304	1439	1334
1334	2303	2304
1636	671	1635
671	551	1635
1635	349	1636
348	349	1635
350	276	1823
1488	1286	1489
1489	1988	351
1489	868	1988
1489	1286	868
351	356	1489
1489	356	1488
366	2114	1859
367	366	1859
1859	2012	367
1859	1302	2012
1859	2114	683
683	1302	1859
2440	1400	1657
162	2440	1657
1400	1204	1657
1657	243	162
1657	1854	243
1204	1203	1657
1655	2020	2612
2612	1854	1655
1655	1275	2020
1655	1274	1275
1276	1274	1655
1655	1854	1276
977	2056	976
2418	732	977
977	2661	2418
976	2661	977
2055	732	1536
408	2056	2055
2055	977	732
2056	977	2055
2055	1536	409
409	408	2055
1916	1535	731
1916	579	1711
1916	731	579
1711	326	1916
326	410	1916
410	1535	1916
1537	1405	2510
1405	2507	2510
1711	579	580
580	1917	1711
580	581	1917
580	579	2420
1732	1734	328
328	324	1732
1732	324	1917
594	1734	1732
1732	593	594
1729	1032	1031
1731	1032	1729
329	1734	1731
1729	420	1731
1731	420	329
595	1734	594
595	1731	1734
1032	1731	595
2419	4	5
2419	2508	4
1713	2508	2419
5	2488	2419
2419	1714	1713
2488	1714	2419
2053	1931	571
571	572	2053
1931	1288	571
2501	572	571
571	1332	2501
1288	1332	571
1733	1538	324
328	1930	1733
1733	324	328
2613	1229	1228
974	2555	973
973	2555	728
2049	974	973
973	728	2049
1710	1317	2120
2120	2555	2057
728	2555	2120
2120	1317	728
2057	2554	2120
2120	2554	166
166	245	2120
2120	245	1710
1132	1133	1902
1128	2115	1129
1709	2503	1902
1709	2115	2503
1902	1133	1709
1129	2115	1709
1890	1675	480
1675	268	480
491	1676	1672
491	268	1676
1532	1706	943
124	2336	2332
2332	2333	124
1533	2333	2332
1908	1533	2332
2332	2336	1908
2341	112	2337
112	2338	2337
1528	2341	2337
1343	1528	2337
2337	2338	1343
1691	1629	791
791	790	1691
790	1692	1691
1692	396	1691
1691	396	397
397	1629	1691
2431	529	530
530	603	2431
1688	603	530
529	1385	530
530	1385	1688
1500	2268	2347
2347	2348	1500
2268	98	2347
98	99	2347
99	2348	2347
2344	1628	2349
1628	2348	2349
2349	100	2344
2349	99	100
2349	2348	99
1868	686	1303
687	1504	1303
1303	1504	1868
1303	686	2022
1303	1871	687
2022	1871	1303
2017	684	882
882	2114	2017
882	684	2594
2624	684	887
887	888	2624
887	684	1870
887	1870	1656
1656	888	887
1829	1051	558
558	559	1829
558	1051	2558
2558	559	558
686	1866	680
1866	681	680
680	2595	686
680	681	2595
1869	364	1505
364	2024	1505
1505	892	894
1505	895	1869
894	895	1505
893	892	1505
1505	2024	893
461	1476	463
1384	461	463
1632	448	463
463	1476	1632
463	2117	1384
463	448	2117
2040	369	368
368	2161	2040
2040	1906	369
2040	633	634
634	1906	2040
2160	531	532
532	2161	2160
2160	446	447
2160	2161	446
2442	610	621
621	627	2442
621	610	2117
2117	627	621
1294	2167	2168
1294	627	2167
1904	2041	1294
2041	627	1294
797	628	152
152	796	797
152	786	785
785	796	152
1865	2113	2524
2524	2435	165
2524	165	1490
1490	1865	2524
2567	2113	1865
2567	1865	2523
2567	676	864
2523	873	2567
2567	873	676
864	863	2567
863	2113	2567
2015	2011	676
2015	873	2016
676	873	2015
2016	277	2015
2015	277	352
352	2011	2015
191	1640	190
2411	1640	191
2436	2411	191
191	1639	2436
190	1639	191
1800	1639	814
814	1074	1800
1639	644	814
814	644	1511
1511	1074	814
485	1671	1765
1765	286	485
1765	1766	286
1445	248	2364
2364	1661	1445
2364	210	1497
1497	1661	2364
2364	2363	210
2364	248	2363
1445	1373	247
247	1373	170
247	248	1445
1446	1372	247
170	1446	247
1372	248	247
638	2646	806
638	637	2646
539	1793	1139
1139	2530	539
1589	1233	1790
438	1589	1790
1079	2572	820
1079	1080	2572
820	2095	1079
2095	1080	1079
1217	1100	2085
1951	1100	1217
2158	213	2159
1747	2469	2158
2158	1096	1747
2469	2470	214
213	2158	214
214	2158	2469
2157	213	214
214	2470	2157
1747	1094	830
830	2083	1747
1216	2083	830
1950	1216	830
830	1094	1950
658	567	1435
2674	567	658
849	1646	852
852	2447	849
849	2447	850
849	850	1993
1993	1646	849
1087	2106	656
656	2574	1087
1306	1819	853
1306	853	2152
2152	2153	1306
2153	854	1306
1434	656	2106
1434	465	394
2106	465	1434
2458	48	2528
48	2527	2528
1450	2458	2528
1376	1450	2528
2528	2527	1376
1378	825	1449
1378	824	825
1449	424	1378
1378	424	423
1616	330	421
737	2136	1012
2581	1161	737
2137	1161	2140
477	2136	2137
2136	737	2137
2137	737	1161
2137	2140	444
444	477	2137
1162	1161	2581
2581	1013	1162
2140	1161	1162
2183	1013	1014
2183	1015	2202
1014	1015	2183
2140	1162	2183
2183	1162	1013
2069	2179	2673
1012	1011	2673
2673	737	1012
2673	1011	738
2673	2179	2581
2581	737	2673
2673	2586	2069
738	2586	2673
2135	738	2134
2135	1165	738
2134	478	2135
478	459	2135
1183	2666	1186
2666	1187	1186
1186	1187	2203
2138	2495	2300
2300	2499	2138
2300	2495	30
347	2187	445
2187	2139	445
445	2139	444
444	2140	445
2140	2183	445
2202	347	445
445	2183	2202
1243	2074	1242
1242	1557	1243
1557	1554	1243
1754	184	237
1954	184	1754
2616	1754	237
2074	1754	2616
234	228	1918
1918	1933	234
234	1933	235
234	1550	1551
235	1550	234
1551	228	234
2605	2619	2075
2075	1942	2605
1947	1945	1249
1548	1160	1019
1022	1166	1547
1547	1020	1022
1547	509	1548
345	509	1547
2617	2618	254
2204	2617	254
254	238	2204
254	2618	1742
1742	238	254
1946	238	1742
1160	1945	1946
1946	1019	1160
2602	2220	2180
2172	2220	2602
2602	233	2172
1956	508	338
338	1560	1956
1756	508	1956
736	1156	152
152	744	736
305	502	1751
305	1748	500
1751	1748	305
305	500	1969
305	1969	1753
1753	502	305
1403	503	1670
1750	309	1403
309	503	1403
542	699	152
152	541	542
1144	1787	1143
1143	2288	1144
1143	1785	1142
1143	1787	1785
1143	1142	2654
2654	2288	1143
1240	2197	1238
1237	2468	1238
1238	2468	1240
1238	2196	1237
1238	2197	2196
1235	735	2638
2133	735	1235
2226	2199	440
2226	440	439
439	2133	2226
1266	2199	2226
2133	1235	2226
1328	2199	1266
1328	2224	2210
1328	1266	2224
1233	2288	1232
1230	1790	1232
1232	1790	1233
1789	1230	1232
1232	2288	1789
2396	1270	1271
1268	2130	1271
1271	2130	2396
1271	2131	1268
1271	1270	2131
2214	808	2213
1262	808	2214
2213	434	2214
1263	2657	1262
2128	2215	432
2128	432	433
433	2131	2128
2131	1270	2128
2128	1270	1273
1273	2215	2128
322	1718	321
321	1957	322
1736	1718	322
322	418	1736
1957	1563	322
1563	418	322
468	1561	1360
467	1561	468
1407	1355	2489
1407	2544	1355
2489	2487	1407
2487	2485	1407
2672	2544	1407
1407	1882	2672
1407	2485	1882
1413	2541	2542
1413	1412	2541
2542	1416	1413
2478	2386	1357
2386	1412	1357
1357	1546	2478
1163	2219	1164
1163	1010	2219
1164	2546	1163
2546	1010	1163
1254	2125	1253
2125	1252	1253
1253	2623	1254
1253	1252	2623
1318	1942	2063
1318	1940	1740
2076	1326	2172
2076	2075	2619
1939	1941	340
340	1941	443
339	1939	340
340	1938	339
340	1940	1938
340	443	1940
435	434	2213
2213	2198	435
435	2198	441
2218	2178	432
332	2214	434
332	434	2211
2211	2216	332
1260	2216	2211
1260	2639	2575
968	967	2123
968	2123	966
966	2549	968
968	2549	967
1310	967	1928
1727	419	2123
1727	420	419
2123	967	1727
967	1310	1727
588	1923	1288
588	2625	1923
589	2625	588
588	1288	1932
1932	2059	588
588	2059	589
2614	1923	1929
1923	2625	1929
2625	2613	1929
754	752	2588
2588	751	2551
2588	752	751
1757	753	2588
2588	753	754
1311	1933	1918
1311	1041	1933
1311	1361	1333
1333	1041	1311
2606	2549	965
965	755	2606
1925	2549	2606
1924	1925	2606
2606	755	591
591	592	2606
2606	592	1924
1411	1199	1920
1920	1919	467
1920	1199	1029
1029	1919	1920
1920	468	1411
467	468	1920
1030	596	1720
1720	1919	1030
1720	596	597
1720	455	469
469	1919	1720
2590	1758	1719
1758	2589	1719
2591	2590	1719
1719	1363	2591
1719	2589	1363
152	1221	1134
1134	1135	152
553	1823	554
2667	553	554
554	552	2667
1438	673	1610
350	1823	1438
553	673	1438
1438	1823	553
1438	1610	351
351	350	1438
551	552	1611
1611	1635	551
348	1635	1611
1611	276	348
1611	1823	276
2509	2508	1537
1537	2510	2509
4	2508	2509
581	580	2668
2668	1405	1537
2668	593	581
2420	1405	2668
2668	580	2420
594	593	2668
1036	2544	1035
1035	1729	1036
1729	1031	1036
1714	2544	1036
1036	1031	1714
2559	1031	1032
1032	595	2559
1713	1714	2559
1714	1031	2559
2559	1537	1713
2559	595	594
2559	2668	1537
594	2668	2559
1538	1733	1226
1226	2613	2625
1519	2566	1889
1889	2566	201
201	200	1889
200	2115	1889
955	2116	1519
955	954	2116
1517	2512	1894
2512	2038	1894
2038	957	1894
1894	957	951
270	1891	1890
1890	480	270
268	491	1893
954	955	1893
1672	1671	267
267	1671	485
267	491	1672
944	937	1532
1532	943	944
2426	937	944
944	943	2426
723	1707	1915
683	2114	883
2114	882	883
2594	683	883
883	882	2594
794	531	2166
531	2160	2166
2166	447	449
2166	2160	447
626	1294	2168
626	2163	534
2168	2163	626
534	2444	626
626	2444	1904
1904	1294	626
2435	2524	197
197	196	2021
2021	2435	197
197	2113	196
197	2524	2113
1773	1583	428
806	1583	1773
1773	638	806
1773	428	331
331	1774	1773
1795	1139	1793
1795	1793	427
1795	427	438
438	1790	1795
1096	2158	1097
1749	1096	1097
714	2570	716
1620	1460	716
1460	714	716
518	2570	2674
518	1457	1618
1436	1434	394
394	395	1436
395	1819	1436
1819	1306	1436
1436	1306	854
854	1434	1436
659	1434	854
656	1434	659
659	854	2574
2574	656	659
1081	1616	1082
1081	1082	2653
2653	823	1081
1824	1083	1615
1615	1616	421
1615	1083	1082
1082	1616	1615
421	422	1615
1615	422	1824
1379	823	824
824	1378	1379
1379	1378	423
423	330	1379
330	1616	1379
2124	2135	459
460	2175	2124
2124	459	460
2124	2175	1256
1256	1165	2124
1165	2135	2124
2498	2499	31
2499	2300	31
32	2498	31
31	2300	30
1151	1754	1155
1155	1554	1151
1155	1243	1554
2074	1243	1155
1155	1754	2074
236	2616	2395
2395	2616	237
2395	2076	236
2075	2076	2395
237	1942	2395
1942	2075	2395
2073	2616	236
2074	2616	2073
1242	2074	2073
1947	233	2603
1945	1947	2603
2603	1946	1945
233	2602	2603
345	1547	1417
1417	510	345
1417	2149	510
1178	1177	1417
1417	1166	1178
1417	1547	1166
844	541	152
152	845	844
152	1084	1085
1085	845	152
1266	2226	1234
1234	2226	1235
2638	1266	1234
1234	1235	2638
1267	2639	1170
2210	2639	1267
1267	1328	2210
1272	2215	1273
1272	1273	2396
1272	2396	2657
2657	1263	1272
2214	332	2217
2215	1272	2217
2217	1272	1263
417	468	1360
1360	1421	417
1421	418	417
1411	468	417
417	1564	1411
417	418	1564
544	1412	2543
1412	1413	2543
2543	1039	544
1040	1039	2543
2543	1413	1416
2543	760	1040
2543	2656	760
2543	1416	2656
526	574	2545
2545	525	526
1546	1357	2545
2545	1412	525
2545	1357	1412
2545	574	578
578	2671	2545
2671	1546	2545
1006	1937	1005
1005	1937	1938
1938	1007	1005
1153	1004	2605
2605	1942	1153
1942	1318	1153
1153	1318	1740
1740	2144	1153
2144	1004	1153
1154	1318	2063
1940	1318	1154
1938	1940	1154
1154	1007	1938
2172	233	232
232	2076	2172
236	2076	232
232	233	1947
1947	2073	232
232	2073	236
2619	1246	1247
1247	2076	2619
1326	2076	1247
2065	1326	1247
2146	2065	1247
1247	1246	2146
1245	2145	2146
2146	1246	1245
1245	1244	2145
2619	1244	1245
1245	1246	2619
441	2199	2200
2200	435	441
2199	1328	2200
1328	1267	2200
2211	434	2212
434	435	2212
435	2200	2212
2212	1267	1170
2212	2200	1267
431	332	2216
431	2218	432
2216	2218	431
431	2217	332
432	2215	431
2215	2217	431
1261	1260	2211
1261	2212	1170
2211	2212	1261
1170	2639	1261
2639	1260	1261
1259	2218	2216
2216	1260	1259
1259	1260	2575
2062	2613	1228
1228	1310	2062
2062	1310	1928
2062	1929	2613
2614	1929	2062
2062	222	2614
2062	1928	179
179	222	2062
1728	1727	1310
1728	1228	1930
1728	1310	1228
1930	329	1728
329	420	1728
420	1727	1728
2058	2121	583
2121	585	583
583	751	2058
2551	751	583
583	585	2551
2121	1361	584
584	585	2121
1361	1311	584
2551	585	584
1918	2551	584
584	1311	1918
1715	2577	1757
1757	2588	1715
1715	2588	2551
1715	2551	1918
1918	2577	1715
2035	1291	592
456	457	2035
3	2510	2507
3	2509	2510
3	2507	2
4	2509	3
587	2625	589
587	1226	2625
1538	1226	587
589	2059	587
587	2059	1538
1229	2613	1227
2613	1226	1227
1227	1226	1733
1930	1229	1227
1227	1733	1930
1519	1889	1126
961	960	1517
1517	1894	961
961	1894	951
1121	1684	962
1767	1121	962
1514	506	1885
1218	1219	1885
1219	726	1885
1129	1709	969
969	1709	1133
2036	480	268
268	1893	2036
951	957	1674
1674	1893	491
491	267	1674
1915	1117	1118
1118	723	1915
2506	723	1118
1117	2506	1118
720	943	1706
1706	1707	720
1707	723	720
2506	2426	720
2426	943	720
720	723	2506
2164	1063	794
794	2166	2164
2164	1064	1063
2164	795	1064
2165	795	2164
449	2165	2164
2164	2166	449
1231	1790	1230
1231	1795	1790
1139	1795	1231
1231	1230	2530
2530	1139	1231
715	716	2570
2570	518	715
715	518	1618
715	1618	1620
1620	716	715
1457	518	657
2674	658	657
657	518	2674
1242	2073	1241
1241	1557	1242
238	1946	182
1946	2603	182
182	2603	2602
2180	238	182
182	2602	2180
2604	1005	1007
2604	1154	2063
1007	1154	2604
2604	2063	1738
1738	2576	2604
2604	2576	1006
1006	1005	2604
1192	1329	2178
2178	2218	1192
2575	2207	1192
2207	1329	1192
1291	2035	2034
597	1291	2034
2034	1720	597
455	1720	2034
2034	457	455
2034	2035	457
456	2035	2122
2060	472	2122
2122	472	456
591	755	2122
2122	755	2060
2122	592	591
2122	2035	592
1127	1126	1889
1127	2036	1126
933	955	1519
1519	1126	933
933	1893	955
1126	2036	933
933	2036	1893
269	1885	506
269	1886	1887
506	1886	269
2037	270	480
480	2036	2037
1129	969	2037
2037	1128	1129
956	1674	957
956	957	2038
1673	1674	267
1673	485	1767
1673	267	485
960	961	1673
1673	961	951
951	1674	1673
1248	1249	1558
1248	1947	1249
2218	1259	1191
1191	1192	2218
1191	1259	2575
2575	1192	1191
1885	269	1901
1131	1220	1901
1901	1220	1218
1218	1885	1901
492	1901	269
1887	1891	492
1891	270	492
492	269	1887
270	2037	1892
1892	492	270
1901	492	1892
1892	969	1133
1892	2037	969
1133	1132	1892
1675	1125	1124
1890	1125	1675
1841	901	913
1842	901	1841
1206	1278	2005
1759	1206	2005
1277	2006	2005
2005	1278	1277
1265	2205	1264
1264	2205	2221
2110	1265	1264
1264	1806	2110
1002	1016	2147
2147	2143	1002
1891	1125	1890
1130	1125	1891
1756	745	1027
1027	1569	1756
722	2047	945
1705	2047	722
1501	770	1826
1826	770	767
1879	813	810
810	1666	1879
1676	1675	1124
1124	958	1676
898	1641	1642
1642	693	898
1177	2189	1179
2190	2189	1177
1175	1507	1176
1176	1507	1664
1953	832	834
1949	832	1953
2109	1591	985
985	983	2109
985	1981	1980
1980	983	985
2101	992	2111
2111	992	995
1935	761	599
599	1936	1935
724	1574	1573
970	1574	724
1770	1569	1027
1027	1194	1770
1927	1362	590
1362	582	590
1424	590	582
1572	590	1424
1651	668	815
815	1395	1651
2014	1112	2013
2013	1112	675
928	940	1898
1898	1695	928
1054	1206	1759
1759	1764	1054
1852	2006	1277
1852	1277	639
1851	1852	640
640	1852	639
2104	2103	652
653	2104	652
652	1432	653
652	1508	1432
1667	1510	646
646	1510	704
646	704	1973
1973	1974	646
1880	1666	810
810	809	1880
642	812	1668
1668	2002	642
813	1879	1668
1668	812	813
1878	1065	1072
1072	1978	1878
1601	1803	1072
1072	1065	1601
1491	1397	866
866	1397	871
866	871	1850
1850	2004	866
624	1903	1566
1566	623	624
685	557	2021
2021	2020	685
2018	1853	685
1853	557	685
799	1959	1768
799	1768	800
2028	2027	1055
1055	1056	2028
1055	1372	1446
1446	1056	1055
1762	1048	1049
1761	1762	1049
2087	1958	1049
1049	1048	2087
1948	1745	836
836	1209	1948
1209	836	2082
2082	836	2097
925	920	1621
1621	1626	925
1551	1550	746
748	1551	746
746	1567	748
746	1418	1567
1158	1159	1559
1559	1159	1556
1023	1507	1175
1023	1549	1507
1158	1559	1023
1023	1559	1549
699	1512	700
1881	1512	699
566	1880	809
1669	1880	566
700	1512	566
566	1512	1669
995	992	2079
2079	2080	995
833	1953	834
1746	1953	833
2077	1746	833
833	993	2077
586	577	1717
1717	577	1562
1223	1723	1724
1724	971	1223
1423	1223	971
971	1571	1423
1193	1770	1194
1570	1770	1193
1573	1570	1193
1193	724	1573
548	546	1443
548	1443	1336
884	889	1506
884	1506	1856
1914	978	2056
2056	978	976
726	1922	727
1513	1922	726
1045	607	2044
2193	1045	2044
1692	789	793
1525	1692	793
1873	880	1659
878	880	1873
612	611	1476
1834	612	1476
855	856	1752
855	1752	1753
782	1763	2025
2025	786	782
782	1054	1764
1764	1763	782
2088	799	800
2091	799	2088
642	2002	2003
2003	643	642
1851	640	2003
2003	640	643
698	1596	1799
1799	909	698
1972	1509	698
698	909	1972
1108	644	1639
1639	1638	1108
2001	1511	1108
1511	644	1108
959	1676	958
1672	1676	959
1565	1766	1122
1565	1122	628
1672	959	1671
1671	959	963
1364	624	623
1683	624	1364
2007	1205	1203
1203	1487	2007
856	855	2150
2151	856	2150
848	1821	839
1606	1821	848
1777	826	706
1425	1777	706
1012	2136	1011
1011	2136	2134
1151	1554	1152
1152	1554	1555
1157	1955	1755
1156	1955	1157
1556	1159	1157
1157	1755	1556
1952	832	1949
1952	831	832
1952	2086	1084
1084	831	1952
1172	1665	1602
1172	1602	1171
1172	1176	1664
1664	1665	1172
1171	1602	1743
1743	980	1171
1743	981	980
1744	981	1743
2077	993	2078
2078	993	994
2078	981	1744
994	981	2078
2093	1236	1142
1142	1785	2093
1722	1028	1561
1561	1028	1200
1883	757	756
756	1725	1883
1130	1891	1222
1222	1891	1887
1887	1886	1222
1886	1221	1222
1135	1574	970
1771	1574	1135
1024	1577	1025
1576	1577	1024
1024	1568	1422
1025	1568	1024
1657	1203	1205
1205	1854	1657
581	593	1732
1917	581	1732
1678	1131	1132
1132	1902	1678
2040	2161	535
2040	535	633
797	1565	628
2089	1565	797
797	2090	2089
797	796	2090
785	786	2025
2025	2026	785
2090	796	785
785	2026	2090
1122	1766	1765
1123	1122	1765
1765	1671	963
1765	963	1123
2085	2083	1217
1217	2083	1216
1217	1216	1950
1950	1951	1217
1186	2203	2184
1186	2184	1183
1151	1152	1754
1754	1152	1954
1547	1019	1020
1548	1019	1547
1020	1019	1946
1742	1020	1946
745	1756	1956
744	745	1956
736	1955	1156
736	1560	1955
744	1956	736
736	1956	1560
1881	699	542
542	1670	1881
542	1403	1670
541	1403	542
1134	1221	1886
1134	1886	1515
1771	1135	1134
1134	1515	1771
1611	554	1823
552	554	1611
637	638	1773
1774	637	1773
1097	2158	2159
1097	2159	1089
1089	1969	1097
1097	1969	1749
1616	1081	1379
1379	1081	823
1417	1177	1179
1179	2149	1417
844	1403	541
1750	1403	844
844	1751	1750
844	845	1751
1084	2086	1085
2086	1748	1085
1751	845	1085
1085	1748	1751
2217	1263	1262
1262	2214	2217
1517	960	962
962	1684	1517
1885	726	727
1885	727	1514
657	658	1435
1435	1457	657
1127	1889	2115
2115	1128	1127
2037	1127	1128
2036	1127	2037
1893	1674	956
954	1893	956
956	2038	2116
2116	954	956
1673	962	960
1767	962	1673
1557	1241	1248
1248	1558	1557
1248	2073	1947
1248	1241	2073
1892	1132	1131
1131	1901	1892
