0.15488752324830535
0.1626536001774375
0.11677887377016238
0.10665800531157008
0.1060411058421988
0.10546285630860965
0.11052796675919795
0.10724008478598757
0.10760910925187606
0.11093535523885754
0.10458687348840669
0.10456069499610819
0.10495160518684792
0.1126664239892364
0.11111408875023619
0.11250009442388448
0.11265790912747164
0.11082661618628642
0.11791502110714285
0.1607012343372066
0.15523414809025832
0.19185342847499368
0.18361965471301214
0.19139065579658415
0.1910362571945717
0.18586049830026394
0.20591760647709664
0.2029563949596386
0.20485528837156053
0.19225794158585757
0.1945466346757148
0.18532567633254646
0.21006826264630246
0.2097551609922968
0.19252216023404706
0.20930825977062656
0.1893113403402225
0.19981057050256795
0.19381159629066227
0.16523220124672108
0.17046997374820036
0.16921249782491823
0.20699124486256312
0.15923605996600879
0.19957509354902994
0.20658028304968706
0.2099004662062605
0.20634036326474586
0.20751715275948174
0.1367335675816856
0.16697332700312945
0.13358032384877477
0.19215211863095683
0.13239040546967676
0.1322134763490968
0.17240866747339226
0.19043001350321725
0.19887148397655727
0.19307710247642615
0.13562945881790714
0.13180175127475172
0.206233535034536
0.21281019045824814
0.19734344855121722
0.21154437183388788
0.19805892871350048
0.20541892964323336
0.2011430071112045
0.21625711642941783
0.10951345272988813
0.19880558430583933
0.1079877964836741
0.19200699370880608
0.10930567592587995
0.19234961929469585
0.10971427319138707
0.12891405150301435
0.11130860697307315
0.19707317133667773
0.12000182491054459
0.21018944066527714
0.1094162247100114
0.2078050229206603
0.20439052191126508
0.20571254970370956
0.20597019968362712
0.21514247700808278
0.20489220848797243
0.17966074200739882
0.10020494980570283
0.19003460323204432
0.183585554518388
0.10071695320896837
0.20503933368306232
0.19414433638343379
0.18374234788500524
0.2115494765576016
0.09598983351545022
0.18090428648909088
0.16485246267142603
0.1943204102931263
0.1630143729745306
0.2023251405569431
0.16086405456525532
0.19301677179522433
0.19623043315534713
0.1942238546557503
0.19785096260227147
0.1866137872017412
0.17589077839083295
0.17516046298666887
0.1708393323171435
0.20236826605050093
0.20552170231645883
0.2019667016879574
0.07270797690673118
0.1228160055369015
0.1985798465063487
0.20317859004139308
0.20802383716456468
0.20879169295913222
0.21189246551497065
0.20889433087382608
0.20979087769676086
0.06967294246656221
0.18753937630541315
0.19645226822314574
0.07898888490965214
0.07822015003889649
0.1397073905795554
0.21051400349969274
0.0830723245025029
0.0798909544173462
0.08421925435596195
0.1880245658492794
0.08381880447726135
0.18962111492002606
0.0829236155838322
0.06381984975869771
0.18175433983292566
0.19006211466935422
